21 0.501953125 0.654296875 0.029947916666666664 0.013671875
21 0.49088541666666663 0.61181640625 0.028645833333333332 0.0107421875
21 0.8307291666666666 0.72119140625 0.04427083333333333 0.0185546875
21 0.7721354166666666 0.4951171875 0.028645833333333332 0.009765625
21 0.515625 0.17041015625 0.34635416666666663 0.1650390625
21 0.21744791666666666 0.42333984375 0.0625 0.0185546875
21 0.15169270833333331 0.74951171875 0.17838541666666666 0.0615234375
21 0.5279947916666666 0.40576171875 0.09505208333333333 0.0458984375
21 0.5234375 0.7509765625 0.03125 0.015625
21 0.5123697916666666 0.70068359375 0.03255208333333333 0.0126953125
