24 0.609375 0.23958333333333331 0.13671875 0.16927083333333331
24 0.6240234375 0.619140625 0.130859375 0.17057291666666666
24 0.62158203125 0.9361979166666666 0.1162109375 0.12239583333333333
24 0.96240234375 0.6243489583333333 0.0712890625 0.19401041666666666
24 0.259765625 0.193359375 0.138671875 0.17838541666666666
24 0.24365234375 0.609375 0.1357421875 0.19010416666666666
24 0.306640625 0.9544270833333333 0.1171875 0.0859375
24 0.0263671875 0.314453125 0.048828125 0.15494791666666666
24 0.04296875 0.6328125 0.08203125 0.13802083333333331
24 0.06640625 0.9440104166666666 0.080078125 0.10677083333333333
