19 0.15087890625 0.4348958333333333 0.0927734375 0.09635416666666666
19 0.05712890625 0.53515625 0.0556640625 0.08854166666666666
19 0.18603515625 0.5983072916666666 0.0966796875 0.10286458333333333
19 0.302734375 0.49609375 0.095703125 0.1015625
19 0.26416015625 0.34765625 0.0947265625 0.06510416666666666
19 0.42138671875 0.3919270833333333 0.1064453125 0.1015625
19 0.5439453125 0.3079427083333333 0.09765625 0.04817708333333333
19 0.5986328125 0.45572916666666663 0.109375 0.10416666666666666
19 0.47216796875 0.5638020833333333 0.1064453125 0.109375
19 0.7236328125 0.345703125 0.109375 0.10286458333333333
19 0.78271484375 0.525390625 0.1123046875 0.11067708333333333
19 0.8974609375 0.41471354166666663 0.087890625 0.11588541666666666
