20 0.98046875 0.08658854166666666 0.025390625 0.029947916666666664
20 0.57421875 0.06575520833333333 0.0234375 0.01953125
20 0.52099609375 0.86328125 0.1181640625 0.07552083333333333
20 0.87744140625 0.9029947916666666 0.0498046875 0.09765625
20 0.8974609375 0.7037760416666666 0.02734375 0.029947916666666664
20 0.40771484375 0.05013020833333333 0.0361328125 0.024739583333333332
20 0.46826171875 0.055338541666666664 0.0341796875 0.029947916666666664
20 0.521484375 0.05859375 0.0390625 0.03645833333333333
20 0.41845703125 0.19205729166666666 0.0380859375 0.037760416666666664
20 0.48095703125 0.16731770833333331 0.0419921875 0.045572916666666664
20 0.541015625 0.11393229166666666 0.03125 0.053385416666666664
20 0.59619140625 0.03515625 0.0322265625 0.05989583333333333
20 0.67919921875 0.053385416666666664 0.0302734375 0.033854166666666664
20 0.7265625 0.056640625 0.029296875 0.02734375
20 0.78564453125 0.05598958333333333 0.0302734375 0.026041666666666664
20 0.81884765625 0.07552083333333333 0.0400390625 0.026041666666666664
20 0.86474609375 0.0859375 0.0263671875 0.026041666666666664
20 0.90576171875 0.09114583333333333 0.0283203125 0.0234375
20 0.9482421875 0.08723958333333333 0.025390625 0.026041666666666664
