23 0.220703125 0.5 0.109375 0.13459119496855346
23 0.2216796875 0.6716981132075471 0.107421875 0.13081761006289308
23 0.23486328125 0.8358490566037735 0.1083984375 0.1320754716981132
23 0.2470703125 0.9654088050314464 0.095703125 0.06415094339622641
23 0.80517578125 0.6496855345911949 0.1220703125 0.14465408805031446
23 0.81591796875 0.4786163522012578 0.1201171875 0.16729559748427672
23 0.78564453125 0.2930817610062893 0.1162109375 0.15849056603773584
23 0.28369140625 0.2861635220125786 0.0791015625 0.09685534591194968
23 0.2783203125 0.15220125786163521 0.076171875 0.09559748427672955
23 0.27197265625 0.03710691823899371 0.0830078125 0.06918238993710692
23 0.80078125 0.8169811320754716 0.08203125 0.10188679245283018
23 0.78759765625 0.9622641509433961 0.0791015625 0.07044025157232704
