24 0.70556640625 0.45182291666666663 0.0419921875 0.07552083333333333
24 0.65380859375 0.25 0.0458984375 0.0859375
24 0.36328125 0.6634114583333333 0.052734375 0.08203125
24 0.3095703125 0.19270833333333331 0.09765625 0.15104166666666666
24 0.203125 0.5130208333333333 0.083984375 0.1171875
24 0.1982421875 0.75 0.0859375 0.11979166666666666
24 0.3720703125 0.47330729166666663 0.05078125 0.07421875
24 0.509765625 0.21223958333333331 0.052734375 0.09375
24 0.49951171875 0.443359375 0.0537109375 0.09244791666666666
24 0.49072265625 0.626953125 0.0556640625 0.08984375
24 0.623046875 0.4309895833333333 0.04296875 0.07552083333333333
24 0.623046875 0.6041666666666666 0.046875 0.078125
24 0.6884765625 0.5983072916666666 0.0390625 0.07682291666666666
