0 0.341 0.29826464208242953 0.15 0.1279826464208243
0 0.501 0.2993492407809111 0.154 0.12581344902386118
0 0.669 0.3015184381778742 0.158 0.13449023861171366
0 0.34 0.45010845986984815 0.16 0.1279826464208243
0 0.504 0.45444685466377444 0.152 0.1279826464208243
0 0.67 0.4522776572668113 0.152 0.1193058568329718
0 0.337 0.6106290672451193 0.158 0.12364425162689806
0 0.5 0.613882863340564 0.152 0.1301518438177874
0 0.67 0.6193058568329718 0.156 0.1366594360086768
0 0.342 0.7678958785249458 0.152 0.12581344902386118
0 0.499 0.7700650759219089 0.15 0.1301518438177874
0 0.669 0.7744034707158352 0.158 0.1301518438177874
