20 0.7412109375 0.30533854166666663 0.0390625 0.04296875
20 0.80029296875 0.3001302083333333 0.0341796875 0.045572916666666664
20 0.712890625 0.6432291666666666 0.0625 0.046875
20 0.28125 0.9348958333333333 0.0546875 0.046875
20 0.1826171875 0.08203125 0.03125 0.03645833333333333
20 0.09326171875 0.40885416666666663 0.0263671875 0.0546875
20 0.93212890625 0.9576822916666666 0.0927734375 0.07942708333333333
20 0.28955078125 0.662109375 0.0673828125 0.04296875
20 0.86328125 0.298828125 0.033203125 0.04036458333333333
20 0.67626953125 0.3059895833333333 0.0341796875 0.041666666666666664
20 0.5498046875 0.326171875 0.056640625 0.04817708333333333
20 0.43994140625 0.33072916666666663 0.0537109375 0.046875
20 0.31689453125 0.39322916666666663 0.0400390625 0.041666666666666664
20 0.1962890625 0.40494791666666663 0.0390625 0.0546875
