3 0.2666015625 0.46354166666666663 0.05859375 0.1328125
3 0.3125 0.4544270833333333 0.0390625 0.09114583333333333
3 0.478515625 0.451171875 0.052734375 0.13151041666666666
3 0.607421875 0.44791666666666663 0.037109375 0.11197916666666666
3 0.64501953125 0.46484375 0.0400390625 0.1015625
3 0.693359375 0.45768229166666663 0.05859375 0.12109375
3 0.78955078125 0.44921875 0.0615234375 0.13802083333333331
3 0.24853515625 0.7578125 0.0693359375 0.1484375
3 0.296875 0.7786458333333333 0.03515625 0.140625
3 0.3681640625 0.7805989583333333 0.046875 0.14192708333333331
3 0.50146484375 0.7975260416666666 0.0458984375 0.14192708333333331
3 0.53857421875 0.7819010416666666 0.0380859375 0.14192708333333331
3 0.78271484375 0.7799479166666666 0.0537109375 0.140625
3 0.736328125 0.787109375 0.033203125 0.13151041666666666
3 0.62451171875 0.7981770833333333 0.0263671875 0.13541666666666666
3 0.36328125 0.4466145833333333 0.0234375 0.10416666666666666
3 0.529296875 0.4641927083333333 0.03125 0.08203125
3 0.400390625 0.7877604166666666 0.021484375 0.12239583333333333
