24 0.18603515625 0.7740885416666666 0.2744140625 0.31901041666666663
24 0.11767578125 0.3489583333333333 0.2314453125 0.2109375
24 0.45654296875 0.36002604166666663 0.2021484375 0.17578125
24 0.22119140625 0.052734375 0.2197265625 0.10026041666666666
24 0.8232421875 0.42252604166666663 0.232421875 0.28515625
24 0.79248046875 0.8040364583333333 0.2529296875 0.25651041666666663
24 0.7734375 0.06315104166666666 0.17578125 0.11328125
24 0.419921875 0.623046875 0.041015625 0.04036458333333333
24 0.25439453125 0.236328125 0.0341796875 0.05598958333333333
24 0.61376953125 0.56640625 0.0498046875 0.0625
24 0.07666015625 0.6328125 0.0439453125 0.0546875
24 0.60693359375 0.12174479166666666 0.0322265625 0.04817708333333333
