30 0.03076171875 0.6858877086494689 0.0576171875 0.24582701062215478
30 0.7333984375 0.6911987860394537 0.0625 0.38391502276176026
30 0.77392578125 0.716236722306525 0.0439453125 0.3247344461305008
30 0.14892578125 0.07663125948406677 0.0654296875 0.1471927162367223
30 0.0966796875 0.10242792109256449 0.056640625 0.16843702579666162
30 0.05224609375 0.14036418816388468 0.0458984375 0.15022761760242792
30 0.01904296875 0.17223065250379363 0.0341796875 0.13201820940819423
30 0.88134765625 0.0629742033383915 0.0341796875 0.06525037936267071
30 0.8388671875 0.03490136570561457 0.037109375 0.0637329286798179
30 0.6259765625 0.661608497723824 0.16796875 0.4734446130500759
30 0.431640625 0.6676783004552352 0.111328125 0.3945371775417299
30 0.31982421875 0.6783004552352049 0.1083984375 0.3520485584218513
30 0.21875 0.6805766312594841 0.09375 0.3141122913505311
30 0.14453125 0.6881638846737481 0.087890625 0.2898330804248862
30 0.078125 0.6904400606980273 0.076171875 0.25796661608497723
