20 0.79150390625 0.07160048134777378 0.0947265625 0.06618531889290012
20 0.2119140625 0.19193742478941037 0.03125 0.04211793020457281
20 0.47607421875 0.09265944645006018 0.1083984375 0.06738868832731648
20 0.33056640625 0.18772563176895307 0.0537109375 0.08423586040914562
20 0.28173828125 0.18231046931407943 0.0576171875 0.07821901323706378
20 0.20751953125 0.838748495788207 0.1396484375 0.10830324909747292
20 0.0751953125 0.04693140794223827 0.068359375 0.0457280385078219
20 0.95751953125 0.45607701564380265 0.0810546875 0.06738868832731648
20 0.03955078125 0.13598074608904934 0.0751953125 0.08904933814681107
20 0.53515625 0.8700361010830325 0.091796875 0.07220216606498195
20 0.45166015625 0.5601684717208183 0.0751953125 0.06137184115523466
20 0.919921875 0.7996389891696751 0.12890625 0.12394705174488568
20 0.54150390625 0.6925391095066186 0.1318359375 0.09025270758122744
20 0.19580078125 0.6251504211793021 0.1142578125 0.08303249097472924
20 0.2744140625 0.2719614921780987 0.048828125 0.0457280385078219
20 0.71142578125 0.6095066185318894 0.0810546875 0.05415162454873646
20 0.1279296875 0.29121540312876054 0.123046875 0.08664259927797835
20 0.18896484375 0.5012033694344163 0.0263671875 0.03249097472924188
20 0.40283203125 0.4037304452466908 0.1142578125 0.07821901323706378
20 0.74951171875 0.45427196149217813 0.1630859375 0.09987966305655836
20 0.4482421875 0.25330926594464503 0.12109375 0.08303249097472924
20 0.79541015625 0.2647412755716005 0.1279296875 0.08664259927797835
