24 0.1806640625 0.8264516129032258 0.064453125 0.08387096774193549
24 0.4248046875 0.8754838709677419 0.064453125 0.07354838709677419
24 0.8544921875 0.7967741935483871 0.04296875 0.05548387096774193
24 0.83056640625 0.6458064516129032 0.0634765625 0.08903225806451613
24 0.64111328125 0.6787096774193548 0.0361328125 0.04903225806451613
24 0.2880859375 0.48516129032258065 0.0625 0.07741935483870968
24 0.43994140625 0.3225806451612903 0.0751953125 0.10064516129032258
24 0.30078125 0.36451612903225805 0.041015625 0.04516129032258064
24 0.18505859375 0.01870967741935484 0.0595703125 0.03225806451612903
24 0.6123046875 0.023870967741935485 0.0625 0.04258064516129032
24 0.2666015625 0.6290322580645161 0.06640625 0.05032258064516129
24 0.58154296875 0.38451612903225807 0.0498046875 0.07741935483870968
