15 0.9137500000000001 0.44840525328330205 0.09 0.12382739212007504
15 0.771875 0.2607879924953096 0.08625000000000001 0.1200750469043152
15 0.035625000000000004 0.47373358348968103 0.06625 0.08818011257035648
15 0.355625 0.46153846153846156 0.07375 0.1200750469043152
15 0.39875 0.5872420262664165 0.0775 0.1350844277673546
15 0.745 0.9221388367729831 0.08750000000000001 0.09193245778611632
15 0.9425 0.8658536585365854 0.085 0.11444652908067542
15 0.5337500000000001 0.9606003752345216 0.1 0.07129455909943715
15 0.12562500000000001 0.0947467166979362 0.08625000000000001 0.10318949343339587
15 0.63625 0.07410881801125703 0.09 0.12195121951219512
15 0.938125 0.15384615384615385 0.09125 0.13133208255159476
