27 0.85400390625 0.21826171875 0.0888671875 0.0263671875
27 0.60546875 0.1787109375 0.08203125 0.02734375
27 0.19970703125 0.20751953125 0.0869140625 0.0283203125
27 0.3857421875 0.13720703125 0.072265625 0.0166015625
27 0.53564453125 0.61767578125 0.2275390625 0.1357421875
27 0.529296875 0.345703125 0.14453125 0.060546875
27 0.13232421875 0.3466796875 0.1240234375 0.048828125
27 0.84716796875 0.31689453125 0.1181640625 0.0419921875
27 0.8544921875 0.54736328125 0.189453125 0.1767578125
27 0.396484375 0.251953125 0.09375 0.033203125
