24 0.65283203125 0.7024739583333333 0.1298828125 0.15494791666666666
24 0.8388671875 0.18359375 0.107421875 0.1015625
24 0.8681640625 0.416015625 0.119140625 0.12890625
24 0.388671875 0.423828125 0.115234375 0.13411458333333331
24 0.16552734375 0.20963541666666666 0.1064453125 0.109375
24 0.12890625 0.43424479166666663 0.12109375 0.12630208333333331
24 0.39599609375 0.205078125 0.0966796875 0.10026041666666666
24 0.3994140625 0.6920572916666666 0.12109375 0.15234375
24 0.62255859375 0.1953125 0.1064453125 0.109375
24 0.63671875 0.423828125 0.12109375 0.12630208333333331
