2 0.767 0.8596491228070176 0.05 0.08187134502923976
2 0.47700000000000004 0.4956140350877193 0.054 0.0847953216374269
2 0.8180000000000001 0.8830409356725146 0.056 0.06432748538011696
2 0.8250000000000001 0.48391812865497075 0.026000000000000002 0.038011695906432746
2 0.9 0.8669590643274854 0.048 0.11988304093567251
2 0.08600000000000001 0.4722222222222222 0.124 0.20175438596491227
2 0.184 0.32748538011695905 0.20400000000000001 0.29239766081871343
2 0.28600000000000003 0.16228070175438597 0.252 0.29532163742690054
2 0.41300000000000003 0.5190058479532164 0.082 0.13157894736842105
2 0.533 0.9122807017543859 0.054 0.06432748538011696
2 0.601 0.9239766081871345 0.054 0.05263157894736842
2 0.489 0.7690058479532164 0.07 0.08771929824561403
2 0.491 0.6359649122807017 0.066 0.09649122807017543
2 0.517 0.7032163742690059 0.046 0.07894736842105263
2 0.527 0.5906432748538011 0.046 0.06432748538011696
2 0.5680000000000001 0.8684210526315789 0.032 0.04093567251461988
2 0.585 0.8084795321637427 0.038 0.043859649122807015
2 0.6 0.0804093567251462 0.064 0.1023391812865497
2 0.745 0.20175438596491227 0.066 0.06432748538011696
2 0.609 0.8771929824561403 0.03 0.05263157894736842
2 0.625 0.8318713450292398 0.034 0.043859649122807015
2 0.635 0.8903508771929824 0.034 0.043859649122807015
2 0.671 0.7368421052631579 0.042 0.07017543859649122
2 0.68 0.9035087719298245 0.044 0.05847953216374269
2 0.6950000000000001 0.23976608187134502 0.054 0.09941520467836257
2 0.729 0.7134502923976608 0.058 0.07017543859649122
