17 0.5583596214511041 0.7446300715990454 0.10725552050473186 0.081145584725537
17 0.3249211356466877 0.6968973747016707 0.03785488958990536 0.01909307875894988
17 0.7917981072555205 0.766109785202864 0.07886435331230283 0.03818615751789976
17 0.0528391167192429 0.06324582338902149 0.10252365930599369 0.12171837708830549
17 0.6072555205047319 0.44868735083532224 0.0694006309148265 0.023866348448687354
17 0.7152996845425867 0.4451073985680191 0.05205047318611987 0.021479713603818618
17 0.7176656151419558 0.5250596658711217 0.05362776025236593 0.01909307875894988
17 0.6908517350157728 0.6778042959427208 0.07570977917981073 0.028639618138424822
17 0.692429022082019 0.7911694510739857 0.07570977917981073 0.03102625298329356
17 0.8328075709779179 0.06205250596658712 0.05362776025236593 0.03341288782816229
17 0.8288643533123028 0.162291169451074 0.05205047318611987 0.03341288782816229
17 0.8288643533123028 0.26372315035799526 0.05205047318611987 0.03102625298329356
17 0.8138801261829652 0.4821002386634845 0.03785488958990536 0.03341288782816229
17 0.8178233438485805 0.5799522673031027 0.02365930599369085 0.03341288782816229
17 0.9566246056782334 0.28042959427207637 0.08675078864353312 0.15513126491646778
17 0.31309148264984227 0.7899761336515514 0.08990536277602523 0.03341288782816229
17 0.42981072555205047 0.7708830548926014 0.07728706624605677 0.042959427207637235
17 0.9566246056782334 0.07756563245823389 0.08675078864353312 0.15035799522673032
17 0.3138801261829653 0.8973747016706445 0.08517350157728706 0.028639618138424822
17 0.4274447949526814 0.9057279236276851 0.08832807570977917 0.03102625298329356
17 0.3706624605678233 0.3090692124105012 0.21766561514195584 0.15990453460620527
17 0.5473186119873816 0.9033412887828163 0.0914826498422713 0.03102625298329356
17 0.667192429022082 0.9069212410501194 0.08832807570977917 0.028639618138424822
17 0.804416403785489 0.8973747016706445 0.1198738170347003 0.03341288782816229
17 0.5189274447949527 0.5489260143198091 0.00946372239747634 0.09069212410501194
17 0.06545741324921135 0.2911694510739857 0.12776025236593058 0.11455847255369929
17 0.3533123028391167 0.060859188544152745 0.1198738170347003 0.11694510739856802
17 0.6064668769716088 0.37112171837708835 0.06782334384858044 0.021479713603818618
