20 0.29 0.2858638743455498 0.046153846153846156 0.052356020942408384
20 0.3507692307692308 0.42146596858638746 0.04923076923076923 0.034554973821989535
20 0.2853846153846154 0.5973821989528797 0.05692307692307692 0.042931937172774874
20 0.6088461538461538 0.6471204188481676 0.09153846153846154 0.0712041884816754
20 0.6796153846153846 0.36963350785340315 0.08692307692307692 0.04607329842931938
20 0.5769230769230769 0.10732984293193719 0.09230769230769231 0.04921465968586388
20 0.48653846153846153 0.6764397905759163 0.04846153846153846 0.03141361256544503
20 0.49423076923076925 0.1947643979057592 0.03923076923076923 0.041884816753926704
20 0.225 0.5465968586387435 0.2684615384615385 0.1947643979057592
20 0.2803846153846154 0.38115183246073303 0.25 0.15706806282722516
20 0.21769230769230768 0.2910994764397906 0.2123076923076923 0.21151832460732986
