20 0.701171875 0.70703125 0.044921875 0.05208333333333333
20 0.3818359375 0.8528645833333333 0.03515625 0.046875
20 0.7890625 0.5091145833333333 0.0390625 0.0234375
20 0.38720703125 0.7897135416666666 0.0361328125 0.037760416666666664
20 0.60400390625 0.6321614583333333 0.0244140625 0.045572916666666664
20 0.4794921875 0.720703125 0.029296875 0.04817708333333333
20 0.41015625 0.080078125 0.216796875 0.15755208333333331
20 0.15478515625 0.4251302083333333 0.1396484375 0.19921875
20 0.2265625 0.5963541666666666 0.08203125 0.09895833333333333
20 0.41455078125 0.919921875 0.0400390625 0.04296875
20 0.16748046875 0.7877604166666666 0.0380859375 0.03125
20 0.25732421875 0.7578125 0.0400390625 0.046875
20 0.52294921875 0.865234375 0.0263671875 0.05859375
20 0.64990234375 0.8567708333333333 0.0361328125 0.0546875
