17 0.6066666666666667 0.6277712952158693 0.08 0.04667444574095682
17 0.685 0.5740956826137689 0.10333333333333335 0.03733955659276546
17 0.5750000000000001 0.793465577596266 0.060000000000000005 0.0676779463243874
17 0.6016666666666667 0.3337222870478413 0.06333333333333334 0.06301050175029171
17 0.3591666666666667 0.33897316219369894 0.06166666666666667 0.06884480746791131
17 0.4041666666666667 0.4731621936989498 0.10166666666666667 0.04317386231038506
17 0.5116666666666667 0.45332555425904314 0.1 0.03850641773628938
17 0.62 0.43815635939323216 0.07333333333333333 0.04084014002333722
17 0.7150000000000001 0.4393232205367561 0.09333333333333334 0.04084014002333722
17 0.31583333333333335 0.5011668611435238 0.07833333333333334 0.04317386231038506
17 0.34 0.5863477246207701 0.10333333333333335 0.052508751458576426
17 0.42333333333333334 0.6353558926487748 0.09666666666666668 0.04317386231038506
17 0.5208333333333334 0.6283547257876312 0.08833333333333333 0.047841306884480746
