5 0.4072265625 0.4317180616740088 0.044921875 0.035242290748898675
5 0.5107421875 0.4287812041116006 0.046875 0.035242290748898675
5 0.8271484375 0.5088105726872246 0.0390625 0.01908957415565345
5 0.47216796875 0.3105726872246696 0.0849609375 0.05433186490455213
5 0.28076171875 0.5572687224669604 0.0400390625 0.02790014684287812
5 0.36865234375 0.5447870778267254 0.0419921875 0.026431718061674006
5 0.46240234375 0.49486049926578557 0.0458984375 0.035242290748898675
5 0.56396484375 0.5044052863436123 0.0478515625 0.033773861967694566
5 0.75927734375 0.4919236417033774 0.0478515625 0.02936857562408223
5 0.6591796875 0.4941262848751835 0.04296875 0.033773861967694566
5 0.60595703125 0.4287812041116006 0.0498046875 0.032305433186490456
5 0.70068359375 0.42731277533039647 0.0517578125 0.032305433186490456
5 0.31201171875 0.43245227606461084 0.0478515625 0.03671071953010279
