20 0.2109375 0.84228515625 0.0703125 0.0283203125
20 0.369140625 0.8525390625 0.05859375 0.033203125
20 0.52392578125 0.8544921875 0.0634765625 0.03515625
20 0.6484375 0.82763671875 0.05859375 0.0302734375
20 0.70361328125 0.3525390625 0.0673828125 0.029296875
20 0.77099609375 0.3115234375 0.0673828125 0.029296875
20 0.8193359375 0.27392578125 0.064453125 0.0263671875
20 0.85693359375 0.22314453125 0.0576171875 0.0224609375
20 0.3349609375 0.16357421875 0.111328125 0.0673828125
20 0.13232421875 0.55419921875 0.1123046875 0.0673828125
