20 0.08650000000000001 0.07401032702237521 0.11900000000000001 0.12392426850258176
20 0.07200000000000001 0.31669535283993117 0.126 0.117039586919105
20 0.0655 0.5800344234079174 0.11900000000000001 0.12736660929432014
20 0.053 0.846815834767642 0.10200000000000001 0.12736660929432014
20 0.428 0.055077452667814115 0.116 0.10671256454388985
20 0.4335 0.27710843373493976 0.113 0.13080895008605853
20 0.405 0.5869191049913942 0.098 0.12048192771084337
20 0.421 0.851118760757315 0.13 0.1359724612736661
20 0.773 0.8244406196213425 0.1 0.11359724612736662
20 0.78 0.5783132530120482 0.114 0.1342512908777969
20 0.7695 0.3089500860585198 0.101 0.0981067125645439
20 0.7815 0.08003442340791739 0.097 0.10154905335628228
