15 0.28955078125 0.32465753424657534 0.0478515625 0.07123287671232877
15 0.4580078125 0.31095890410958904 0.046875 0.07397260273972603
15 0.65087890625 0.30205479452054795 0.0478515625 0.06986301369863014
15 0.82861328125 0.2924657534246575 0.0498046875 0.0726027397260274
15 0.28857421875 0.10753424657534247 0.0302734375 0.045205479452054796
15 0.455078125 0.09520547945205479 0.03125 0.04794520547945205
15 0.650390625 0.08904109589041095 0.033203125 0.049315068493150684
15 0.82177734375 0.08082191780821918 0.0341796875 0.043835616438356165
15 0.2138671875 0.5773972602739726 0.0625 0.0863013698630137
15 0.31884765625 0.7212328767123287 0.0986328125 0.13835616438356166
15 0.650390625 0.5636986301369863 0.060546875 0.08356164383561644
15 0.7529296875 0.7061643835616438 0.099609375 0.14383561643835616
