6 0.599609375 0.43265007320644217 0.2109375 0.08931185944363104
6 0.91943359375 0.4363103953147877 0.0947265625 0.0527086383601757
6 0.466796875 0.9033674963396779 0.109375 0.04978038067349927
6 0.55810546875 0.5746705710102489 0.0927734375 0.04538799414348463
6 0.21240234375 0.438506588579795 0.1044921875 0.048316251830161056
6 0.51220703125 0.6932650073206442 0.1357421875 0.08345534407027819
6 0.51171875 0.18301610541727673 0.16015625 0.043923865300146414
6 0.26220703125 0.7027818448023426 0.1435546875 0.06734992679355783
6 0.61962890625 0.9084919472913616 0.1513671875 0.0951683748169839
6 0.8955078125 0.5592972181551976 0.138671875 0.07027818448023426
