0 0.84521484375 0.8187134502923976 0.0380859375 0.038011695906432746
0 0.9150390625 0.8150584795321637 0.037109375 0.04239766081871345
0 0.9833984375 0.8150584795321637 0.03125 0.03654970760233918
0 0.0859375 0.7997076023391813 0.03515625 0.03508771929824561
0 0.01708984375 0.804093567251462 0.0322265625 0.04093567251461988
0 0.4755859375 0.9239766081871345 0.20703125 0.14912280701754385
0 0.26318359375 0.8077485380116959 0.0400390625 0.04239766081871345
0 0.33544921875 0.810672514619883 0.0380859375 0.04532163742690058
0 0.40869140625 0.8128654970760234 0.0361328125 0.038011695906432746
0 0.48193359375 0.8143274853801169 0.0361328125 0.04093567251461988
0 0.5546875 0.8157894736842105 0.037109375 0.038011695906432746
0 0.62841796875 0.8150584795321637 0.0361328125 0.03654970760233918
0 0.701171875 0.8165204678362573 0.037109375 0.039473684210526314
0 0.7724609375 0.8157894736842105 0.03515625 0.04093567251461988
