24 0.267578125 0.28951612903225804 0.078125 0.10483870967741936
24 0.27978515625 0.08064516129032258 0.0693359375 0.1032258064516129
24 0.5390625 0.24516129032258063 0.05859375 0.07096774193548387
24 0.72021484375 0.14112903225806453 0.0615234375 0.07580645161290323
24 0.91748046875 0.056451612903225805 0.0537109375 0.06774193548387097
24 0.9248046875 0.2991935483870968 0.060546875 0.07580645161290323
24 0.8046875 0.4282258064516129 0.07421875 0.09838709677419355
24 0.74951171875 0.75 0.0830078125 0.12580645161290321
24 0.55419921875 0.85 0.0458984375 0.1032258064516129
24 0.55908203125 0.5774193548387097 0.0576171875 0.08387096774193549
24 0.2412109375 0.8040322580645162 0.1015625 0.14677419354838708
24 0.0673828125 0.2467741935483871 0.06640625 0.054838709677419356
