24 0.48010849909584086 0.9345703125 0.08860759493670886 0.044921875
24 0.9493670886075949 0.6474609375 0.10126582278481013 0.056640625
24 0.9059674502712477 0.80859375 0.11573236889692586 0.0546875
24 0.8544303797468354 0.93212890625 0.08499095840867993 0.0498046875
24 0.06690777576853527 0.82763671875 0.10849909584086799 0.0537109375
24 0.10307414104882459 0.94384765625 0.0867992766726944 0.0439453125
24 0.4945750452079566 0.11474609375 0.14285714285714285 0.0751953125
24 0.03164556962025317 0.66064453125 0.048824593128390596 0.0576171875
24 0.48553345388788427 0.4208984375 0.15370705244122965 0.07421875
24 0.4981916817359855 0.65185546875 0.11392405063291139 0.0634765625
24 0.49909584086799275 0.814453125 0.10488245931283906 0.0546875
