29 0.1767857142857143 0.18511904761904763 0.2916666666666667 0.2773809523809524
29 0.17261904761904764 0.5244047619047619 0.2761904761904762 0.2821428571428572
29 0.4166666666666667 0.4553571428571429 0.14047619047619048 0.1392857142857143
29 0.574404761904762 0.45297619047619053 0.1416666666666667 0.13690476190476192
29 0.8303571428571429 0.18750000000000003 0.275 0.27261904761904765
29 0.8220238095238096 0.5220238095238096 0.27976190476190477 0.2892857142857143
29 0.09761904761904763 0.7863095238095239 0.09761904761904763 0.09404761904761906
29 0.3297619047619048 0.7880952380952382 0.07857142857142858 0.08095238095238096
29 0.4220238095238096 0.605952380952381 0.11785714285714287 0.12619047619047621
29 0.5833333333333334 0.6017857142857144 0.1285714285714286 0.125
29 0.6113095238095239 0.7672619047619048 0.07261904761904762 0.07261904761904762
29 0.6142857142857143 0.8886904761904763 0.08095238095238096 0.07500000000000001
