20 0.35546875 0.3679123711340206 0.1328125 0.09922680412371133
20 0.6025390625 0.3434278350515464 0.134765625 0.1018041237113402
20 0.11572265625 0.1134020618556701 0.1259765625 0.08762886597938144
20 0.2919921875 0.07474226804123711 0.083984375 0.06958762886597938
20 0.1455078125 0.03479381443298969 0.041015625 0.02577319587628866
20 0.63427734375 0.2467783505154639 0.0517578125 0.03221649484536082
20 0.84521484375 0.09729381443298969 0.1259765625 0.09149484536082474
20 0.12255859375 0.6681701030927835 0.0458984375 0.029639175257731958
20 0.35986328125 0.9774484536082474 0.0537109375 0.024484536082474227
20 0.900390625 0.657860824742268 0.05078125 0.027061855670103094
20 0.63720703125 0.9677835051546392 0.0556640625 0.02577319587628866
20 0.86474609375 0.015463917525773196 0.0517578125 0.028350515463917526
