20 0.583984375 0.4026143790849673 0.072265625 0.04444444444444444
20 0.7841796875 0.8483660130718954 0.04296875 0.03660130718954248
20 0.7353515625 0.4875816993464052 0.0625 0.03398692810457516
20 0.34228515625 0.6745098039215686 0.0576171875 0.0392156862745098
20 0.79345703125 0.6712418300653594 0.0478515625 0.03529411764705882
20 0.0908203125 0.0261437908496732 0.0625 0.047058823529411764
20 0.11865234375 0.8999999999999999 0.0576171875 0.043137254901960784
20 0.19140625 0.9372549019607842 0.041015625 0.03137254901960784
20 0.4072265625 0.7156862745098038 0.041015625 0.03006535947712418
20 0.27099609375 0.02875816993464052 0.0576171875 0.054901960784313725
20 0.125 0.28104575163398693 0.1015625 0.065359477124183
20 0.4482421875 0.03137254901960784 0.056640625 0.047058823529411764
20 0.61181640625 0.03790849673202614 0.0517578125 0.04444444444444444
20 0.76953125 0.043137254901960784 0.048828125 0.04967320261437908
20 0.75439453125 0.26274509803921564 0.0498046875 0.0392156862745098
20 0.27587890625 0.265359477124183 0.0556640625 0.047058823529411764
20 0.44775390625 0.2633986928104575 0.0517578125 0.04052287581699346
20 0.6015625 0.2673202614379085 0.048828125 0.03790849673202614
20 0.0869140625 0.5019607843137255 0.0546875 0.0392156862745098
20 0.2568359375 0.49084967320261436 0.05078125 0.03790849673202614
20 0.43310546875 0.49019607843137253 0.0712890625 0.05751633986928104
20 0.583984375 0.4875816993464052 0.06640625 0.04444444444444444
