28 0.16598360655737704 0.47314453125 0.12704918032786885 0.1943359375
28 0.22131147540983606 0.91455078125 0.319672131147541 0.1689453125
28 0.5635245901639344 0.94287109375 0.3073770491803279 0.1123046875
28 0.45901639344262296 0.8505859375 0.22950819672131148 0.158203125
28 0.7042349726775956 0.86279296875 0.2336065573770492 0.1630859375
28 0.8688524590163934 0.7724609375 0.25956284153005466 0.181640625
28 0.08196721311475409 0.63916015625 0.14754098360655737 0.1142578125
28 0.31420765027322406 0.732421875 0.21584699453551912 0.12109375
28 0.3073770491803279 0.58203125 0.20491803278688525 0.1640625
28 0.5362021857923497 0.60009765625 0.22540983606557377 0.2138671875
28 0.7807377049180327 0.56982421875 0.20901639344262296 0.2001953125
