28 0.53564453125 0.6431181485992692 0.1396484375 0.15103532277710108
28 0.3759765625 0.5956151035322776 0.126953125 0.14372716199756394
28 0.2470703125 0.5450669914738124 0.115234375 0.15956151035322777
28 0.12548828125 0.5036540803897686 0.1083984375 0.1425091352009744
28 0.64892578125 0.5542021924482339 0.0673828125 0.14859926918392205
28 0.71484375 0.4933008526187576 0.060546875 0.13398294762484775
28 0.7724609375 0.4415347137637028 0.04296875 0.1278928136419001
28 0.82275390625 0.39037758830694275 0.0517578125 0.13276492082825822
28 0.87060546875 0.3465286236297198 0.0380859375 0.12545676004872106
28 0.28271484375 0.8063337393422655 0.1240234375 0.1364190012180268
28 0.68505859375 0.761266747868453 0.0634765625 0.1364190012180268
28 0.8173828125 0.599878197320341 0.052734375 0.10596833130328867
