18 0.03466796875 0.8658854166666666 0.0673828125 0.18229166666666666
18 0.55126953125 0.8587239583333333 0.0830078125 0.18619791666666666
18 0.11474609375 0.8639322916666666 0.0849609375 0.18359375
18 0.20458984375 0.8658854166666666 0.0791015625 0.18229166666666666
18 0.2900390625 0.86328125 0.083984375 0.1875
18 0.3779296875 0.8645833333333333 0.087890625 0.18229166666666666
18 0.4658203125 0.857421875 0.0859375 0.18619791666666666
18 0.03369140625 0.42252604166666663 0.0654296875 0.17838541666666666
18 0.6416015625 0.857421875 0.083984375 0.18619791666666666
18 0.728515625 0.8548177083333333 0.08984375 0.18619791666666666
18 0.28857421875 0.4173177083333333 0.0810546875 0.18359375
18 0.81201171875 0.8522135416666666 0.0810546875 0.18359375
18 0.892578125 0.8509114583333333 0.080078125 0.18098958333333331
18 0.9658203125 0.8463541666666666 0.064453125 0.1796875
18 0.11865234375 0.419921875 0.0810546875 0.17838541666666666
18 0.2021484375 0.4192708333333333 0.078125 0.1796875
18 0.802734375 0.41471354166666663 0.080078125 0.17838541666666666
18 0.3818359375 0.416015625 0.080078125 0.18098958333333331
18 0.4638671875 0.41861979166666663 0.08203125 0.17838541666666666
18 0.55126953125 0.4134114583333333 0.0849609375 0.17838541666666666
18 0.63427734375 0.416015625 0.0810546875 0.17838541666666666
18 0.72021484375 0.4153645833333333 0.0849609375 0.17708333333333331
18 0.88818359375 0.4134114583333333 0.0771484375 0.17578125
18 0.96484375 0.4140625 0.068359375 0.171875
18 0.03564453125 0.638671875 0.0458984375 0.03515625
18 0.12109375 0.63671875 0.041015625 0.03125
18 0.20654296875 0.63671875 0.0400390625 0.033854166666666664
18 0.2939453125 0.6360677083333333 0.04296875 0.03255208333333333
18 0.37890625 0.63671875 0.041015625 0.033854166666666664
18 0.46630859375 0.6341145833333333 0.0400390625 0.03125
18 0.5498046875 0.6341145833333333 0.04296875 0.033854166666666664
18 0.64111328125 0.6328125 0.0400390625 0.03125
18 0.72314453125 0.6321614583333333 0.0419921875 0.03515625
18 0.80712890625 0.6302083333333333 0.0400390625 0.033854166666666664
18 0.89111328125 0.626953125 0.0400390625 0.03515625
18 0.9638671875 0.6276041666666666 0.041015625 0.03125
