19 0.8896484375 0.5662544169611308 0.044921875 0.044169611307420496
19 0.55224609375 0.37190812720848054 0.0517578125 0.04063604240282685
19 0.158203125 0.5114840989399293 0.044921875 0.06537102473498232
19 0.21533203125 0.446113074204947 0.0478515625 0.07243816254416961
19 0.294921875 0.5026501766784452 0.048828125 0.07243816254416961
19 0.35498046875 0.43462897526501765 0.0478515625 0.07773851590106007
19 0.63916015625 0.4081272084805654 0.0517578125 0.0636042402826855
19 0.658203125 0.5362190812720848 0.046875 0.07597173144876325
19 0.51513671875 0.5424028268551236 0.0556640625 0.0706713780918728
19 0.57763671875 0.47791519434628976 0.0556640625 0.07243816254416961
19 0.4912109375 0.42314487632508835 0.052734375 0.07597173144876325
19 0.2353515625 0.5565371024734982 0.05078125 0.053003533568904596
19 0.37353515625 0.5477031802120141 0.0498046875 0.06007067137809187
19 0.4326171875 0.48674911660777387 0.05078125 0.06890459363957598
19 0.416015625 0.3789752650176678 0.05078125 0.037102473498233215
19 0.2705078125 0.38869257950530034 0.048828125 0.06007067137809187
19 0.13623046875 0.392226148409894 0.0478515625 0.0706713780918728
19 0.0888671875 0.46024734982332155 0.03515625 0.06537102473498232
19 0.91650390625 0.38162544169611307 0.0302734375 0.06007067137809187
