24 0.126953125 0.20182291666666666 0.0625 0.07291666666666666
24 0.37548828125 0.19856770833333331 0.0615234375 0.07942708333333333
24 0.62646484375 0.166015625 0.1123046875 0.14192708333333331
24 0.87548828125 0.173828125 0.1103515625 0.14192708333333331
24 0.11767578125 0.4641927083333333 0.1044921875 0.14713541666666666
24 0.37255859375 0.46744791666666663 0.1103515625 0.14583333333333331
24 0.6220703125 0.4602864583333333 0.109375 0.14713541666666666
24 0.865234375 0.45768229166666663 0.109375 0.13932291666666666
24 0.12109375 0.7604166666666666 0.109375 0.14322916666666666
24 0.3818359375 0.7578125 0.11328125 0.1484375
24 0.63720703125 0.7799479166666666 0.0654296875 0.08854166666666666
24 0.8935546875 0.7955729166666666 0.115234375 0.15104166666666666
