27 0.41250000000000003 0.6838649155722326 0.055 0.09193245778611632
27 0.668125 0.6866791744840526 0.06375 0.0975609756097561
27 0.134375 0.8902439024390244 0.07375 0.10694183864915573
27 0.48562500000000003 0.8273921200750469 0.06125 0.10131332082551595
27 0.740625 0.8405253283302063 0.05625 0.0975609756097561
27 0.839375 0.8602251407129455 0.058750000000000004 0.09943714821763602
27 0.44125000000000003 0.20919324577861162 0.0575 0.08818011257035648
27 0.491875 0.3330206378986867 0.058750000000000004 0.08818011257035648
27 0.408125 0.450281425891182 0.06125 0.09380863039399624
27 0.555 0.4437148217636023 0.06 0.09568480300187618
27 0.70375 0.4446529080675422 0.055 0.08630393996247655
27 0.238125 0.5722326454033771 0.05625 0.10881801125703565
27 0.36625 0.5544090056285178 0.0525 0.09568480300187618
27 0.31 0.7054409005628518 0.0475 0.10131332082551595
