6 0.4560546875 0.03897058823529412 0.046875 0.075
6 0.09375 0.8764705882352941 0.05078125 0.07058823529411765
6 0.51611328125 0.03823529411764706 0.0400390625 0.06764705882352941
6 0.0673828125 0.2566176470588235 0.08984375 0.075
6 0.15576171875 0.2713235294117647 0.0576171875 0.04852941176470588
6 0.06787109375 0.4588235294117647 0.0869140625 0.06470588235294117
6 0.04150390625 0.3382352941176471 0.0419921875 0.058823529411764705
6 0.2158203125 0.33602941176470585 0.048828125 0.0661764705882353
6 0.0380859375 0.55 0.037109375 0.052941176470588235
6 0.0986328125 0.5448529411764705 0.041015625 0.060294117647058824
6 0.69482421875 0.3154411764705882 0.0634765625 0.0838235294117647
6 0.15576171875 0.47058823529411764 0.0595703125 0.03529411764705882
6 0.21337890625 0.5455882352941176 0.0458984375 0.07058823529411765
6 0.23193359375 0.04632352941176471 0.0517578125 0.08088235294117647
6 0.50732421875 0.4889705882352941 0.0478515625 0.10441176470588236
6 0.037109375 0.8772058823529412 0.0546875 0.0661764705882353
6 0.15966796875 0.8757352941176471 0.0517578125 0.07205882352941176
6 0.23046875 0.9191176470588235 0.05859375 0.09411764705882353
6 0.345703125 0.9176470588235294 0.05859375 0.1
6 0.408203125 0.9191176470588235 0.056640625 0.09705882352941177
6 0.466796875 0.9242647058823529 0.056640625 0.09264705882352942
6 0.0947265625 0.3367647058823529 0.04296875 0.061764705882352944
6 0.521484375 0.9242647058823529 0.056640625 0.09264705882352942
6 0.6259765625 0.31691176470588234 0.0546875 0.0838235294117647
6 0.76318359375 0.30808823529411766 0.0615234375 0.08970588235294118
6 0.82373046875 0.30808823529411766 0.0615234375 0.10735294117647058
6 0.28271484375 0.04338235294117647 0.0439453125 0.075
6 0.88818359375 0.3073529411764706 0.0556640625 0.11470588235294117
6 0.9521484375 0.30367647058823527 0.072265625 0.1161764705882353
6 0.33935546875 0.04191176470588235 0.0556640625 0.075
6 0.39794921875 0.03823529411764706 0.0537109375 0.07058823529411765
