20 0.49895833333333334 0.06458333333333334 0.03958333333333333 0.02638888888888889
20 0.47812499999999997 0.4354166666666667 0.04791666666666666 0.0375
20 0.73125 0.04791666666666667 0.04375 0.04027777777777778
20 0.9697916666666666 0.8965277777777778 0.035416666666666666 0.034722222222222224
20 0.78125 0.5840277777777778 0.052083333333333336 0.0375
20 0.8104166666666667 0.7625000000000001 0.058333333333333334 0.044444444444444446
20 0.44114583333333335 0.8923611111111112 0.057291666666666664 0.05694444444444444
20 0.28489583333333335 0.8722222222222222 0.053125 0.05
20 0.12552083333333333 0.8555555555555556 0.053125 0.04722222222222222
20 0.07447916666666667 0.7666666666666667 0.078125 0.05
20 0.6307291666666667 0.23541666666666666 0.057291666666666664 0.04027777777777778
20 0.4458333333333333 0.7270833333333334 0.052083333333333336 0.04861111111111111
20 0.63125 0.7861111111111111 0.058333333333333334 0.05555555555555556
20 0.6234375 0.9159722222222223 0.059375 0.05416666666666667
20 0.33697916666666666 0.5659722222222222 0.04895833333333333 0.0375
20 0.31927083333333334 0.6847222222222222 0.051041666666666666 0.03888888888888889
20 0.12083333333333333 0.44375000000000003 0.08333333333333333 0.04861111111111111
20 0.765625 0.42708333333333337 0.05625 0.034722222222222224
20 0.8890625 0.10277777777777779 0.10520833333333333 0.06944444444444445
20 0.12552083333333333 0.07361111111111111 0.096875 0.05555555555555556
20 0.6177083333333333 0.4965277777777778 0.05 0.04583333333333334
20 0.6328125 0.6597222222222222 0.057291666666666664 0.05277777777777778
20 0.3411458333333333 0.42291666666666666 0.046875 0.04861111111111111
20 0.22395833333333334 0.4291666666666667 0.05 0.04166666666666667
20 0.24322916666666666 0.33333333333333337 0.051041666666666666 0.036111111111111115
20 0.36666666666666664 0.2826388888888889 0.0375 0.029166666666666667
20 0.4739583333333333 0.3472222222222222 0.05416666666666667 0.02777777777777778
20 0.6223958333333334 0.37569444444444444 0.051041666666666666 0.02638888888888889
20 0.7651041666666667 0.35208333333333336 0.053125 0.043055555555555555
20 0.1984375 0.16180555555555556 0.065625 0.04027777777777778
20 0.2296875 0.07777777777777778 0.057291666666666664 0.03333333333333333
20 0.8145833333333333 0.9256944444444445 0.06458333333333333 0.04861111111111111
20 0.49322916666666666 0.12638888888888888 0.046875 0.04166666666666667
20 0.6197916666666666 0.1375 0.05625 0.044444444444444446
20 0.60625 0.03402777777777778 0.052083333333333336 0.043055555555555555
20 0.2677083333333333 0.14583333333333334 0.03958333333333333 0.030555555555555558
