20 0.0830078125 0.1892361111111111 0.06640625 0.07638888888888888
20 0.09423828125 0.37152777777777773 0.0732421875 0.06944444444444445
20 0.09228515625 0.6015625 0.0732421875 0.08159722222222222
20 0.42578125 0.2126736111111111 0.05859375 0.07465277777777778
20 0.4150390625 0.3923611111111111 0.05859375 0.06597222222222222
20 0.43505859375 0.6102430555555555 0.0654296875 0.07465277777777778
20 0.728515625 0.21614583333333331 0.060546875 0.078125
20 0.73681640625 0.3845486111111111 0.0537109375 0.06770833333333333
20 0.77880859375 0.603298611111111 0.0654296875 0.08506944444444443
20 0.27001953125 0.2300347222222222 0.0400390625 0.03993055555555555
20 0.29541015625 0.4383680555555555 0.0380859375 0.043402777777777776
20 0.30615234375 0.6475694444444444 0.0419921875 0.041666666666666664
20 0.5927734375 0.2595486111111111 0.03125 0.029513888888888888
20 0.6044921875 0.4383680555555555 0.037109375 0.03993055555555555
20 0.634765625 0.6588541666666666 0.03515625 0.046875
20 0.90673828125 0.23871527777777776 0.0322265625 0.046875
20 0.9296875 0.43576388888888884 0.03125 0.034722222222222224
20 0.970703125 0.6467013888888888 0.029296875 0.05034722222222222
