24 0.7412109375 0.4954427083333333 0.02734375 0.02734375
24 0.36328125 0.7376302083333333 0.02734375 0.03515625
24 0.83984375 0.498046875 0.025390625 0.02734375
24 0.955078125 0.5377604166666666 0.025390625 0.033854166666666664
24 0.07373046875 0.7259114583333333 0.0244140625 0.04036458333333333
24 0.169921875 0.724609375 0.021484375 0.03515625
24 0.2744140625 0.7161458333333333 0.03125 0.0390625
24 0.23193359375 0.2552083333333333 0.0302734375 0.03645833333333333
24 0.462890625 0.7109375 0.029296875 0.0390625
24 0.56591796875 0.7376302083333333 0.0283203125 0.03515625
24 0.5380859375 0.2513020833333333 0.033203125 0.03645833333333333
24 0.6533203125 0.71875 0.02734375 0.03645833333333333
24 0.755859375 0.7298177083333333 0.029296875 0.03515625
24 0.83935546875 0.7076822916666666 0.0302734375 0.037760416666666664
24 0.33984375 0.255859375 0.03125 0.029947916666666664
24 0.43505859375 0.2532552083333333 0.0322265625 0.037760416666666664
24 0.43798828125 0.49609375 0.0244140625 0.03645833333333333
24 0.6435546875 0.2513020833333333 0.02734375 0.0390625
24 0.73828125 0.255859375 0.03125 0.037760416666666664
24 0.84228515625 0.2571614583333333 0.0322265625 0.037760416666666664
24 0.224609375 0.4876302083333333 0.0234375 0.02734375
24 0.31787109375 0.4954427083333333 0.0244140625 0.037760416666666664
24 0.529296875 0.4798177083333333 0.029296875 0.03255208333333333
24 0.63916015625 0.49869791666666663 0.0283203125 0.0390625
