6 0.65771484375 0.18128654970760233 0.1044921875 0.06725146198830409
6 0.5439453125 0.15716374269005848 0.10546875 0.03654970760233918
6 0.44580078125 0.19883040935672514 0.0791015625 0.08771929824561403
6 0.40087890625 0.30921052631578944 0.0302734375 0.12134502923976608
6 0.23779296875 0.5986842105263157 0.0732421875 0.1564327485380117
6 0.53564453125 0.5387426900584795 0.1142578125 0.0891812865497076
6 0.66357421875 0.5694444444444444 0.1103515625 0.04824561403508772
6 0.76025390625 0.5197368421052632 0.0771484375 0.1067251461988304
6 0.79541015625 0.4013157894736842 0.0322265625 0.13304093567251463
6 0.75341796875 0.2704678362573099 0.0791015625 0.10526315789473684
