10 0.4794921875 0.3705080545229244 0.052734375 0.05452292441140025
10 0.48291015625 0.6926889714993805 0.1318359375 0.14622057001239158
10 0.5634765625 0.32032218091697645 0.048828125 0.05328376703841388
10 0.6494140625 0.3711276332094176 0.048828125 0.055762081784386616
10 0.720703125 0.3184634448574969 0.048828125 0.05452292441140025
10 0.85546875 0.3674101610904585 0.11328125 0.11028500619578686
10 0.6484375 0.6926889714993805 0.130859375 0.14622057001239158
10 0.7529296875 0.6195786864931846 0.0625 0.13630731102850063
10 0.20068359375 0.3736059479553903 0.3310546875 0.4473358116480793
10 0.388671875 0.3197026022304833 0.05078125 0.05204460966542751
10 0.3671875 0.6214374225526642 0.076171875 0.13506815365551425
