5 0.7408854166666666 0.388671875 0.07552083333333333 0.11328125
5 0.8404947916666666 0.39990234375 0.08463541666666666 0.1083984375
5 0.6380208333333333 0.7783203125 0.0859375 0.119140625
5 0.724609375 0.7783203125 0.08984375 0.11328125
5 0.17252604166666666 0.8046875 0.12369791666666666 0.142578125
5 0.423828125 0.7978515625 0.10546875 0.134765625
5 0.5390625 0.78857421875 0.1015625 0.1240234375
5 0.29361979166666663 0.80029296875 0.11588541666666666 0.1298828125
5 0.1875 0.337890625 0.125 0.140625
5 0.34830729166666663 0.34765625 0.11067708333333333 0.130859375
