     0/199       31G   0.05623  0.009034   0.02919   0.09446        32       640  0.003484    0.1163  0.002071 0.0008403   0.04304  0.007126   0.02887
     1/199     31.9G   0.03602  0.008993   0.02852   0.07353        36       640   0.02509    0.1152   0.01911   0.01021   0.02554  0.005902   0.02824
     2/199     31.9G   0.02639  0.007472   0.02804   0.06191        45       640   0.03207    0.2102   0.03308   0.02052   0.01991  0.004606   0.02774
     3/199     31.9G    0.0227  0.006125   0.02769   0.05652        46       640   0.04268    0.2903     0.052   0.03516   0.01626  0.003701   0.02734
     4/199     31.9G   0.02284  0.005514   0.02745    0.0558        51       640   0.06267    0.2345   0.08072   0.05454   0.01535  0.003375   0.02702
     5/199     31.9G   0.02046  0.004736   0.02691   0.05211        49       640    0.1571    0.2333    0.1259   0.08537   0.01477   0.00282   0.02617
     6/199     31.9G   0.01905  0.004195   0.02593   0.04918        45       640    0.3415    0.2447    0.1896    0.1283    0.0139  0.002659   0.02471
     7/199     31.9G   0.01866  0.004055   0.02424   0.04695        33       640      0.26    0.3306    0.2757    0.1888   0.01403  0.002518   0.02272
     8/199     31.9G   0.01829  0.003872   0.02242   0.04458        38       640    0.3649    0.3984     0.372    0.2618   0.01345  0.002381   0.02086
     9/199     31.9G   0.01813  0.003749   0.02034   0.04222        29       640    0.5812    0.4335     0.463     0.318   0.01404  0.002343   0.01865
    10/199     31.9G   0.01826  0.003685   0.01848   0.04042        51       640    0.6825     0.494    0.5838    0.4166   0.01384  0.002256   0.01611
    11/199     31.9G   0.01847  0.003602   0.01633    0.0384        40       640    0.8212    0.5354    0.6422     0.446   0.01436  0.002243   0.01407
    12/199     31.9G   0.01871  0.003535    0.0141   0.03634        32       640    0.7542    0.6459    0.6878    0.4593   0.01469  0.002233   0.01215
    13/199     31.9G    0.0187  0.003437    0.0124   0.03454        33       640    0.7612    0.6961    0.7555    0.5263   0.01412  0.002167   0.01017
    14/199     31.9G   0.01898  0.003394   0.01092    0.0333        47       640    0.7981     0.729     0.783      0.55   0.01467  0.002141  0.008957
    15/199     31.9G   0.01849  0.003315  0.009591    0.0314        49       640     0.776    0.7773    0.8069    0.5615   0.01405  0.002097  0.007649
    16/199     31.9G    0.0185  0.003319  0.008697   0.03052        34       640     0.825    0.7831    0.8247    0.5812    0.0143  0.002093  0.006897
    17/199     31.9G   0.01818  0.003244  0.007942   0.02936        22       640    0.8089    0.8087    0.8395    0.6074   0.01354  0.002065  0.006304
    18/199     31.9G   0.01817  0.003286  0.007476   0.02893        42       640    0.8078    0.8209    0.8479    0.5998   0.01406  0.002065   0.00592
    19/199     31.9G   0.01795  0.003259  0.006944   0.02815        28       640    0.8239    0.8235    0.8608    0.6131   0.01351  0.002044  0.005451
    20/199     31.9G   0.01759  0.003177  0.006449   0.02722        45       640    0.8571     0.803    0.8643    0.6179    0.0134  0.002021  0.005179
    21/199     31.9G   0.01735  0.003132  0.005997   0.02648        47       640    0.8471     0.832    0.8705    0.6377   0.01297     0.002  0.004726
    22/199     31.9G   0.01708  0.003141  0.005624   0.02584        41       640    0.8378     0.827    0.8704    0.6248   0.01333  0.001984  0.004559
    23/199     31.9G   0.01707  0.003072  0.005404   0.02554        45       640     0.837    0.8586    0.8838    0.6468   0.01306  0.001967  0.004183
    24/199     31.9G   0.01683  0.003003  0.005123   0.02496        35       640    0.8557    0.8366    0.8822    0.6535   0.01278  0.001946  0.004031
    25/199     31.9G   0.01655  0.003032  0.004897   0.02447        51       640    0.8288    0.8642    0.8801    0.6515   0.01256   0.00197  0.003844
    26/199     31.9G   0.01648  0.003021  0.004762   0.02426        42       640     0.849    0.8535    0.8818    0.6443   0.01277   0.00197  0.003712
    27/199     31.9G   0.01624  0.002988  0.004607   0.02383        46       640    0.8544    0.8571    0.8879    0.6665   0.01244   0.00194  0.003523
    28/199     31.9G   0.01618  0.002935  0.004463   0.02358        51       640    0.8447    0.8548    0.8857    0.6519   0.01306   0.00195  0.003529
    29/199     31.9G   0.01611   0.00291  0.004349   0.02337        36       640    0.8312    0.8716    0.8891    0.6591   0.01262  0.001947  0.003331
    30/199     31.9G   0.01618  0.002917  0.004274   0.02337        54       640    0.8522    0.8512    0.8893     0.662   0.01261  0.001954  0.003423
    31/199     31.9G   0.01564  0.002926  0.004151   0.02271        26       640    0.8283    0.8616    0.8777    0.6614    0.0123  0.001942  0.003156
    32/199     31.9G   0.01568  0.002898  0.003916   0.02249        43       640    0.8442    0.8712    0.8902    0.6728   0.01219  0.001918  0.003201
    33/199     31.9G   0.01565  0.002944  0.003819   0.02241        57       640    0.8336    0.8747    0.8901    0.6692   0.01203  0.001927  0.002901
    34/199     31.9G   0.01553   0.00284  0.003732    0.0221        80       640    0.8399    0.8665    0.8889    0.6659   0.01213  0.001938  0.003119
    35/199     31.9G   0.01526  0.002844  0.003641   0.02174        51       640    0.8536     0.862    0.8983      0.68   0.01208  0.001918  0.003008
    36/199     31.9G   0.01528   0.00284  0.003582    0.0217        34       640    0.8609    0.8567    0.8923    0.6828   0.01187  0.001904  0.002887
    37/199     31.9G   0.01523  0.002774  0.003487   0.02149        49       640     0.849    0.8705       0.9    0.6854   0.01179  0.001916  0.002846
    38/199     31.9G   0.01499  0.002763  0.003454   0.02121        46       640    0.8643    0.8531    0.8986    0.6803   0.01209  0.001891  0.002778
    39/199     31.9G   0.01488  0.002802  0.003347   0.02103        35       640    0.8651    0.8591    0.9026    0.6931   0.01165  0.001886  0.002653
    40/199     31.9G   0.01509  0.002725  0.003404   0.02122        35       640    0.8636    0.8613    0.8992    0.6882   0.01161  0.001896  0.002699
    41/199     31.9G   0.01475  0.002745  0.003204    0.0207        31       640    0.8547    0.8485    0.8883    0.6709   0.01186  0.001943  0.002615
    42/199     31.9G   0.01482   0.00272  0.003283   0.02082        57       640    0.8498    0.8768    0.8963    0.6833   0.01186  0.001908  0.002551
    43/199     31.9G   0.01459  0.002728  0.003158   0.02047        34       640    0.8686    0.8561    0.9022    0.6925   0.01168   0.00191  0.002531
    44/199     31.9G    0.0147  0.002687  0.003124   0.02051        53       640    0.8622    0.8589    0.8956     0.687   0.01163  0.001928  0.002581
    45/199     31.9G   0.01423  0.002673  0.002989    0.0199        54       640    0.8525    0.8754    0.9003    0.6909   0.01155  0.001867  0.002429
    46/199     31.9G   0.01442  0.002617  0.002986   0.02002        42       640    0.8488    0.8694    0.8946    0.6901   0.01167  0.001903  0.002512
    47/199     31.9G   0.01423  0.002671  0.002966   0.01987        28       640    0.8581    0.8645    0.8994    0.6983   0.01143  0.001897  0.002334
    48/199     31.9G   0.01425  0.002648  0.002817   0.01971        34       640    0.8529    0.8741    0.8979    0.6904   0.01157  0.001906   0.00233
    49/199     31.9G   0.01409  0.002661  0.002811   0.01956        29       640    0.8622    0.8648    0.8971    0.6914   0.01143  0.001872  0.002233
    50/199     31.9G   0.01413  0.002607  0.002799   0.01954        45       640    0.8614    0.8497    0.8977     0.695   0.01139  0.001899  0.002294
    51/199     31.9G   0.01408  0.002654  0.002791   0.01952        56       640    0.8575    0.8735     0.901    0.6939   0.01142  0.001887  0.002279
    52/199     31.9G   0.01416  0.002675  0.002821   0.01966        55       640     0.865     0.863    0.8989    0.6901   0.01154  0.001876  0.002245
    53/199     31.9G   0.01388  0.002632   0.00268    0.0192        32       640    0.8631    0.8608    0.8988     0.688   0.01146  0.001893  0.002248
    54/199     31.9G   0.01378  0.002624  0.002625   0.01902        37       640    0.8545    0.8763    0.9004    0.6978   0.01154  0.001888  0.002204
    55/199     31.9G   0.01358  0.002555  0.002643   0.01878        62       640    0.8528    0.8707    0.8996    0.6975   0.01144  0.001917  0.002133
    56/199     31.9G   0.01383  0.002562  0.002621   0.01902        44       640     0.847    0.8824    0.9043    0.6988   0.01143  0.001866  0.002155
    57/199     31.9G   0.01367  0.002599  0.002563   0.01883        43       640    0.8617    0.8659    0.9044    0.7054   0.01112  0.001858  0.002101
    58/199     31.9G   0.01359  0.002613  0.002606   0.01881        35       640    0.8708    0.8588    0.9038     0.704   0.01128  0.001871  0.002068
    59/199     31.9G   0.01346  0.002531  0.002458   0.01845        31       640    0.8723    0.8593    0.9002    0.7083   0.01107  0.001877  0.002019
    60/199     31.9G   0.01351  0.002535  0.002553    0.0186        39       640    0.8667     0.866    0.9061    0.7076   0.01111   0.00187  0.002032
    61/199     31.9G   0.01334  0.002575  0.002489   0.01841        37       640    0.8765    0.8581    0.9022    0.7034   0.01114  0.001866  0.002025
    62/199     31.9G    0.0133  0.002542   0.00247   0.01831        64       640    0.8718    0.8624    0.9041    0.6998   0.01131  0.001889  0.001918
    63/199     31.9G   0.01344  0.002548  0.002427   0.01841        34       640    0.8584    0.8736    0.9059    0.7059   0.01119  0.001885  0.001907
    64/199     31.9G   0.01334  0.002474  0.002399   0.01821        64       640    0.8672    0.8671    0.9047    0.7067   0.01118  0.001867  0.001941
    65/199     31.9G   0.01304  0.002459  0.002339   0.01784        27       640     0.867    0.8628    0.9026    0.7067   0.01115  0.001885  0.001911
    66/199     31.9G   0.01306  0.002482  0.002302   0.01785        47       640    0.8678    0.8599    0.9034    0.7047   0.01122  0.001901  0.001924
    67/199     31.9G   0.01306  0.002486  0.002294   0.01784        38       640    0.8654    0.8632    0.9048    0.7052   0.01112  0.001886  0.001897
    68/199     31.9G   0.01303  0.002497  0.002259   0.01778        41       640    0.8655    0.8658    0.9026    0.7037   0.01119  0.001891  0.001878
    69/199     31.9G   0.01288  0.002471  0.002214   0.01756        44       640     0.863    0.8672     0.905    0.7077    0.0112  0.001896  0.001816
    70/199     31.9G   0.01274  0.002451  0.002193   0.01738        48       640    0.8686    0.8619    0.9046    0.7079    0.0112  0.001918  0.001813
    71/199     31.9G   0.01268  0.002434  0.002192   0.01731        49       640    0.8688    0.8632    0.9058    0.7124   0.01105  0.001886   0.00178
    72/199     31.9G   0.01267  0.002429  0.002137   0.01724        47       640    0.8618    0.8674    0.9045    0.7084   0.01109  0.001909    0.0018
    73/199     31.9G   0.01271  0.002488  0.002166   0.01737        62       640    0.8628    0.8651    0.9065    0.7088   0.01108  0.001908  0.001783
    74/199     31.9G   0.01275  0.002455  0.002178   0.01738        45       640    0.8611    0.8657    0.9041    0.7073   0.01106  0.001897  0.001743
    75/199     31.9G   0.01259   0.00246  0.002108   0.01716        32       640    0.8651    0.8671    0.9049    0.7123     0.011  0.001893  0.001744
    76/199     31.9G   0.01252    0.0024  0.002104   0.01703        32       640    0.8822    0.8457    0.9073    0.7129   0.01104  0.001898  0.001709
    77/199     31.9G   0.01246  0.002354  0.002039   0.01685        25       640    0.8586    0.8745    0.9065    0.7131   0.01096  0.001895  0.001728
    78/199     31.9G   0.01256  0.002409  0.002079   0.01705        32       640    0.8695    0.8647    0.9056    0.7138   0.01096  0.001875  0.001717
    79/199     31.9G   0.01222  0.002387   0.00204   0.01664        52       640    0.8586    0.8753    0.9065    0.7136   0.01096  0.001882  0.001657
    80/199     31.9G   0.01245  0.002382  0.002025   0.01685        29       640    0.8684    0.8641    0.9066    0.7122   0.01102  0.001898   0.00163
    81/199     31.9G   0.01223   0.00237  0.001959   0.01655        45       640    0.8522      0.88    0.9036    0.7088     0.011   0.00192  0.001657
    82/199     31.9G   0.01236  0.002382  0.002004   0.01675        46       640    0.8661    0.8657    0.9034    0.7104   0.01101  0.001916  0.001647
    83/199     31.9G   0.01209  0.002384  0.001909   0.01638        42       640    0.8473    0.8819    0.9031    0.7104   0.01095  0.001923  0.001662
    84/199     31.9G   0.01215  0.002337  0.001915    0.0164        58       640    0.8331    0.8957    0.9021    0.7089   0.01096  0.001927  0.001663
    85/199     31.9G   0.01204  0.002335  0.001887   0.01626        35       640    0.8744    0.8583    0.9028    0.7103   0.01092  0.001915  0.001608
    86/199     31.9G   0.01186  0.002322  0.001849   0.01603        23       640    0.8622    0.8678    0.9042    0.7108   0.01094  0.001907  0.001578
    87/199     31.9G   0.01193   0.00233  0.001893   0.01615        27       640    0.8597    0.8742    0.9031    0.7092   0.01093  0.001912  0.001586
    88/199     31.9G   0.01186  0.002373  0.001902   0.01613        42       640    0.8562    0.8741     0.903    0.7095   0.01091  0.001914  0.001591
    89/199     31.9G   0.01201  0.002383  0.001893   0.01629        38       640    0.8606     0.868     0.901    0.7103    0.0109  0.001923  0.001595
    90/199     31.9G   0.01182  0.002342  0.001816   0.01598        51       640    0.8584    0.8738     0.903    0.7118   0.01088  0.001906  0.001576
    91/199     31.9G   0.01177  0.002358  0.001842   0.01597        30       640    0.8606    0.8718    0.9046    0.7155   0.01084  0.001905  0.001549
    92/199     31.9G   0.01176   0.00229  0.001783   0.01583        36       640    0.8565    0.8732     0.905    0.7151   0.01087  0.001915  0.001554
    93/199     31.9G   0.01172  0.002275  0.001789   0.01578        28       640    0.8533    0.8768    0.9061    0.7141   0.01087   0.00191  0.001542
    94/199     31.9G   0.01168  0.002306  0.001723   0.01571        41       640    0.8471    0.8822    0.9061    0.7141   0.01081  0.001911  0.001554
    95/199     31.9G   0.01156  0.002231  0.001789   0.01558        34       640    0.8585    0.8745    0.9056    0.7135    0.0108  0.001919  0.001549
    96/199     31.9G   0.01163  0.002292  0.001753   0.01567        30       640    0.8796    0.8537    0.9049    0.7124   0.01083  0.001918  0.001518
    97/199     31.9G    0.0115  0.002252  0.001701   0.01546        78       640     0.859    0.8707    0.9032    0.7118   0.01086  0.001937  0.001493
    98/199     31.9G   0.01156  0.002264  0.001745   0.01557        38       640    0.8551    0.8736    0.9034    0.7107   0.01089  0.001944  0.001472
    99/199     31.9G   0.01149  0.002311  0.001716   0.01552        40       640    0.8571    0.8734    0.9045    0.7115   0.01089  0.001937  0.001472
   100/199     31.9G   0.01135  0.002261  0.001679   0.01529        24       640    0.8633    0.8677    0.9054     0.714   0.01086  0.001926  0.001464
   101/199     31.9G   0.01129  0.002236  0.001655   0.01518        28       640    0.8665    0.8644    0.9052    0.7143   0.01085  0.001938  0.001449
   102/199     31.9G   0.01138  0.002264  0.001641   0.01529        41       640    0.8624    0.8713    0.9056     0.715   0.01086  0.001936  0.001444
   103/199     31.9G   0.01126  0.002262  0.001664   0.01519        29       640    0.8616     0.872     0.905     0.715   0.01083  0.001935  0.001451
   104/199     31.9G   0.01138  0.002219   0.00163   0.01523        78       640    0.8674    0.8657    0.9051    0.7141   0.01082  0.001936  0.001443
   105/199     31.9G   0.01112  0.002172  0.001629   0.01492        38       640    0.8636    0.8697     0.905    0.7145   0.01082  0.001942  0.001442
   106/199     31.9G   0.01118  0.002254  0.001603   0.01504        36       640    0.8651    0.8679    0.9038    0.7135   0.01082  0.001949   0.00143
   107/199     31.9G   0.01102  0.002246  0.001502   0.01477        55       640    0.8516    0.8789    0.9031    0.7146   0.01082  0.001954  0.001409
   108/199     31.9G   0.01108  0.002246  0.001544   0.01487        37       640    0.8614      0.87    0.9029    0.7142   0.01083  0.001961  0.001401
   109/199     31.9G   0.01102   0.00225  0.001516   0.01479        57       640    0.8627    0.8669    0.9027    0.7143   0.01082  0.001969  0.001389
   110/199     31.9G   0.01098  0.002208  0.001491   0.01468        40       640     0.873    0.8571    0.9031    0.7133   0.01082  0.001964  0.001371
   111/199     31.9G   0.01089  0.002208  0.001552   0.01465        27       640    0.8762    0.8538    0.9034    0.7132   0.01081  0.001963  0.001356
   112/199     31.9G   0.01094   0.00216  0.001512   0.01461        33       640    0.8682    0.8609    0.9026    0.7132   0.01083   0.00197  0.001355
