     0/199       31G   0.05972  0.008842   0.01756   0.08612        35       640 0.0003396   0.01561 2.687e-05  5.67e-06   0.05775  0.006994   0.01756
     1/199     31.8G   0.05058  0.009099   0.01711   0.07679        37       640  0.002802   0.03601 0.0004255 0.0001023   0.05063  0.006597   0.01702
     2/199     31.8G   0.04146  0.009163   0.01645   0.06708        36       640    0.1047    0.1222   0.03613   0.01675   0.04001  0.006521   0.01627
     3/199     31.8G   0.03265  0.008756   0.01585   0.05726        44       640    0.1563    0.1648    0.1089   0.05634    0.0315  0.006161   0.01568
     4/199     31.8G    0.0278  0.008155   0.01517   0.05113        43       640    0.2124    0.1997    0.1685   0.07567   0.02994  0.005507   0.01472
     5/199     31.8G   0.02542   0.00746   0.01408   0.04696        33       640    0.3665     0.259    0.2908    0.1765   0.02402  0.005228   0.01283
     6/199     31.8G   0.02438  0.006903   0.01211   0.04339        63       640     0.476    0.3448    0.3847    0.1982   0.02468  0.004739   0.01015
     7/199     31.8G   0.02436  0.006285  0.009579   0.04022        52       640    0.5268    0.4948    0.4986    0.2389   0.02638  0.004129  0.007372
     8/199     31.8G   0.02392  0.005797  0.007268   0.03699        47       640    0.6262    0.5647    0.5942    0.2857   0.02457  0.003794  0.005136
     9/199     31.8G   0.02582  0.005412  0.006365    0.0376        32       640    0.6234    0.5805    0.5951    0.2846   0.02399  0.003731  0.004612
    10/199     31.8G   0.02482   0.00529  0.005504   0.03562        39       640    0.6863    0.5929    0.6586    0.3333   0.02163  0.003512  0.003934
    11/199     31.8G   0.02328  0.004945  0.004671    0.0329        32       640    0.6294    0.6618    0.6546    0.3236   0.02179  0.003258  0.003356
    12/199     31.8G   0.02225  0.004687  0.004181   0.03112        43       640    0.6737    0.6808    0.6848    0.3785   0.02033   0.00311  0.003137
    13/199     31.8G   0.02107  0.004467  0.003736   0.02927        29       640    0.6798    0.7179    0.7014    0.3902   0.02004  0.002957  0.002855
    14/199     31.8G    0.0205  0.004312  0.003395   0.02821        28       640    0.7014    0.6497    0.6938    0.4104   0.01941  0.002928  0.002642
    15/199     31.8G   0.01945  0.004186  0.003116   0.02675        44       640    0.6857    0.7119     0.714    0.3995   0.01916   0.00282  0.002463
    16/199     31.8G     0.019  0.004081  0.002977   0.02606        36       640    0.6344    0.7392    0.6729    0.3857   0.01963  0.002781  0.002336
    17/199     31.8G   0.01894  0.004014   0.00287   0.02582        38       640    0.6956    0.7485    0.7403     0.426   0.01981  0.002707  0.002155
    18/199     31.8G   0.01847  0.004021  0.002696   0.02519        49       640    0.7198    0.7506    0.7314    0.4375   0.01853  0.002624  0.002143
    19/199     31.8G   0.01797  0.003937  0.002598    0.0245        57       640     0.709    0.7345    0.7266    0.4272    0.0186  0.002638  0.002015
    20/199     31.8G   0.01769  0.003869  0.002526   0.02409        25       640    0.6895    0.7225    0.7241    0.4407   0.01828  0.002569  0.002127
    21/199     31.8G   0.01738  0.003695   0.00226   0.02333        34       640    0.7005    0.7188    0.7127    0.4176   0.01912  0.002605  0.001994
    22/199     31.8G   0.01722  0.003718  0.002241   0.02318        43       640    0.6958    0.7265    0.7219    0.4198   0.01865  0.002562  0.001929
    23/199     31.8G   0.01688  0.003647  0.002122   0.02265        48       640    0.7216    0.7216    0.7253    0.4387   0.01838  0.002474   0.00177
    24/199     31.8G   0.01664  0.003671  0.002026   0.02234        51       640    0.7614    0.6763    0.7182    0.4456   0.01818  0.002539   0.00203
    25/199     31.8G   0.01646  0.003522  0.002055   0.02203        35       640    0.7071       0.7    0.7233    0.4486    0.0181  0.002549  0.001857
    26/199     31.8G   0.01645  0.003671  0.002085    0.0222        40       640    0.6599    0.7264    0.7036    0.4197   0.01839   0.00259  0.001919
    27/199     31.8G   0.01609  0.003615  0.002044   0.02175        49       640    0.7083     0.696    0.6978    0.4199   0.01884   0.00251  0.001705
    28/199     31.8G   0.01598  0.003455  0.001922   0.02135        38       640    0.6962    0.7516    0.7415    0.4455   0.01831  0.002431  0.001516
    29/199     31.8G   0.01571  0.003491  0.001885   0.02108        38       640    0.7269    0.7181    0.7376    0.4428   0.01853  0.002462  0.001616
    30/199     31.8G    0.0157  0.003424  0.001756   0.02088        40       640    0.6954    0.7481    0.7293    0.4448   0.01839  0.002458  0.001573
    31/199     31.8G    0.0155  0.003399  0.001814   0.02071        45       640    0.7383    0.7019    0.7315    0.4486   0.01822  0.002481  0.001498
    32/199     31.8G   0.01526  0.003377   0.00172   0.02036        31       640    0.7317    0.7467    0.7459    0.4509   0.01802  0.002467  0.001553
    33/199     31.8G   0.01534  0.003408  0.001777   0.02052        42       640     0.704    0.7217      0.73    0.4636    0.0178  0.002436  0.001636
    34/199     31.8G   0.01491  0.003382  0.001688   0.01998        48       640    0.7219    0.7198    0.7199    0.4287   0.01875  0.002493  0.001536
    35/199     31.8G   0.01515  0.003393  0.001707   0.02025        32       640    0.7504    0.6782    0.7255    0.4317    0.0184  0.002475  0.001814
    36/199     31.8G   0.01479  0.003282  0.001562   0.01963        33       640    0.7044    0.7461    0.7275    0.4448    0.0185   0.00242  0.001412
    37/199     31.8G   0.01477  0.003241  0.001587    0.0196        42       640    0.6713    0.7516    0.7148    0.4343   0.01834  0.002481  0.001495
    38/199     31.8G   0.01452  0.003288  0.001587    0.0194        33       640    0.7382    0.7221    0.7494    0.4664   0.01771  0.002454  0.001855
    39/199     31.8G   0.01441  0.003242  0.001599   0.01925        32       640    0.7112    0.7418    0.7444    0.4607     0.018  0.002398  0.001464
    40/199     31.8G   0.01462  0.003334  0.001524   0.01947        45       640    0.7105    0.7217    0.7367    0.4641   0.01782   0.00248  0.001454
    41/199     31.8G   0.01443   0.00319  0.001544   0.01917        49       640    0.7748    0.6687    0.7355    0.4534   0.01824  0.002465   0.00142
    42/199     31.8G   0.01454  0.003231  0.001503   0.01928        45       640     0.732     0.722    0.7335    0.4565   0.01809  0.002448  0.001368
    43/199     31.8G   0.01408  0.003235  0.001484    0.0188        37       640    0.7483    0.7228    0.7553    0.4611   0.01808  0.002452  0.001398
    44/199     31.8G   0.01416  0.003188  0.001474   0.01883        38       640    0.6973     0.729    0.7144    0.4346   0.01866  0.002481  0.001303
    45/199     31.8G    0.0141  0.003143    0.0015   0.01875        34       640    0.7142    0.7356     0.725    0.4501   0.01828  0.002479  0.001423
    46/199     31.8G   0.01384  0.003153  0.001419   0.01841        37       640    0.7313    0.7061    0.7272    0.4443   0.01834  0.002429  0.001243
    47/199     31.8G    0.0136   0.00305   0.00134   0.01799        42       640    0.7892    0.6771    0.7387    0.4581   0.01798  0.002449  0.001361
    48/199     31.8G   0.01388  0.003092  0.001397   0.01837        36       640    0.7201    0.6922    0.7096      0.43   0.01833  0.002479  0.001375
    49/199     31.8G   0.01402   0.00313  0.001407   0.01856        37       640    0.7435    0.7295    0.7693    0.4756   0.01758  0.002381  0.001293
    50/199     31.8G   0.01353   0.00308  0.001349   0.01796        36       640    0.7706     0.708    0.7456    0.4612    0.0178   0.00249  0.001309
    51/199     31.8G   0.01364  0.003068  0.001343   0.01805        41       640    0.7268    0.6907    0.7229    0.4382   0.01846  0.002506  0.001371
    52/199     31.8G   0.01343  0.003073  0.001315   0.01782        42       640    0.7472    0.7289    0.7477    0.4615    0.0177  0.002412  0.001226
    53/199     31.8G    0.0135  0.002978  0.001199   0.01768        31       640    0.6966    0.7418    0.7252    0.4505   0.01794  0.002487  0.001372
    54/199     31.8G   0.01317  0.002939   0.00123   0.01734        39       640    0.7153    0.7285    0.7346    0.4597   0.01794   0.00247  0.001228
    55/199     31.8G   0.01316  0.002952  0.001267   0.01738        30       640    0.7465     0.749     0.763    0.4733   0.01768  0.002415  0.001181
    56/199     31.8G   0.01337  0.002978  0.001258    0.0176        33       640    0.7587    0.6972    0.7351    0.4424   0.01849  0.002445    0.0012
    57/199     31.8G   0.01346  0.002942  0.001191   0.01759        44       640    0.7405    0.6947     0.728    0.4431   0.01816   0.00248   0.00124
    58/199     31.8G    0.0131  0.002969  0.001272   0.01734        29       640    0.7384    0.7387    0.7554    0.4647   0.01779  0.002429   0.00109
    59/199     31.8G    0.0129  0.002981  0.001203   0.01709        31       640    0.7023    0.7557    0.7469    0.4607   0.01801  0.002421  0.001138
    60/199     31.8G   0.01312  0.002957  0.001243   0.01732        32       640    0.7026    0.7539    0.7345    0.4441   0.01811  0.002439   0.00104
    61/199     31.8G   0.01278   0.00295  0.001174   0.01691        38       640    0.7627    0.6829     0.729     0.441    0.0183  0.002488  0.001326
    62/199     31.8G   0.01259   0.00293  0.001195   0.01671        45       640    0.7618    0.6984    0.7357    0.4506   0.01809  0.002451  0.001194
    63/199     31.8G   0.01274  0.002913  0.001168   0.01682        47       640    0.7511    0.7101     0.733    0.4475   0.01801  0.002423  0.001109
    64/199     31.8G   0.01257   0.00297  0.001162    0.0167        46       640    0.7311    0.7396    0.7435    0.4638   0.01765  0.002382  0.001093
    65/199     31.8G   0.01277  0.002931  0.001157   0.01686        42       640    0.7562    0.7336    0.7506    0.4609   0.01787  0.002395  0.001136
    66/199     31.8G   0.01243  0.002788  0.001145   0.01636        41       640    0.7528    0.6883    0.7084    0.4225   0.01842  0.002546  0.001175
    67/199     31.8G   0.01253  0.002908   0.00112   0.01655        33       640    0.7678    0.7008      0.74    0.4491   0.01816  0.002444  0.001094
    68/199     31.8G   0.01268  0.002844  0.001139   0.01666        45       640    0.7542     0.696    0.7249    0.4498   0.01799  0.002489  0.001191
    69/199     31.8G   0.01232  0.002855  0.001064   0.01624        34       640    0.7456    0.7022    0.7296    0.4524   0.01785  0.002515  0.001144
    70/199     31.8G   0.01231  0.002795  0.001044   0.01614        34       640    0.7416    0.7307    0.7347    0.4406   0.01833  0.002471 0.0009811
    71/199     31.8G   0.01219  0.002831  0.001045   0.01607        32       640    0.7311    0.7089    0.7206    0.4415    0.0181  0.002538  0.001197
    72/199     31.8G   0.01221  0.002834  0.001117   0.01616        23       640    0.7898    0.7194     0.754    0.4733   0.01749   0.00248  0.001039
    73/199     31.8G   0.01202  0.002785  0.001086   0.01589        36       640    0.7735    0.7106    0.7379    0.4577   0.01777  0.002482 0.0009893
    74/199     31.8G   0.01195  0.002745 0.0009844   0.01568        38       640    0.7808    0.7016    0.7302     0.452   0.01787  0.002602  0.001044
    75/199     31.8G   0.01205  0.002753  0.001013   0.01581        32       640      0.77    0.7329    0.7438    0.4634   0.01768  0.002499 0.0009929
    76/199     31.8G   0.01201  0.002793  0.001038   0.01584        39       640     0.763    0.7181    0.7423    0.4619   0.01792  0.002531 0.0009302
    77/199     31.8G   0.01188  0.002826  0.001053   0.01576        58       640    0.7523    0.7143    0.7463     0.471   0.01772   0.00249  0.001029
    78/199     31.8G   0.01185  0.002761  0.001002   0.01562        42       640    0.7911    0.6811    0.7325    0.4504   0.01811  0.002588  0.001015
    79/199     31.8G   0.01197  0.002808  0.001078   0.01586        53       640    0.7618    0.6996    0.7292    0.4447   0.01816  0.002546 0.0009591
    80/199     31.8G   0.01185  0.002731  0.001013   0.01559        25       640    0.7815    0.6835    0.7242     0.445   0.01802  0.002612   0.00101
    81/199     31.8G   0.01176  0.002685 0.0009514    0.0154        39       640    0.7764    0.6893    0.7292    0.4561   0.01789  0.002596  0.001048
    82/199     31.8G   0.01159  0.002735  0.001015   0.01534        36       640    0.7994    0.7032    0.7484    0.4543   0.01816  0.002564  0.001045
    83/199     31.8G   0.01172  0.002667 0.0009679   0.01536        45       640    0.7677    0.7178    0.7392    0.4586   0.01788  0.002546 0.0009833
    84/199     31.8G   0.01145  0.002732 0.0009991   0.01518        39       640    0.7792     0.695    0.7298    0.4532    0.0178  0.002616  0.001041
    85/199     31.8G   0.01149    0.0027 0.0009565   0.01515        28       640    0.7571    0.7326    0.7435    0.4651   0.01782  0.002627  0.001111
    86/199     31.8G   0.01151  0.002714 0.0009256   0.01515        34       640    0.7624     0.736    0.7421    0.4616   0.01769   0.00263 0.0009532
    87/199     31.8G    0.0114  0.002664 0.0009438   0.01501        41       640    0.7747    0.7124    0.7387    0.4595   0.01789  0.002676  0.001065
    88/199     31.8G   0.01128  0.002713 0.0009438   0.01494        57       640    0.7588     0.723    0.7399    0.4567   0.01796  0.002634  0.001109
    89/199     31.8G    0.0113  0.002698  0.001006     0.015        40       640     0.788    0.6932     0.737     0.451   0.01827  0.002678  0.001002
    90/199     31.8G   0.01136    0.0027 0.0009634   0.01502        47       640    0.7749    0.7165    0.7353    0.4527   0.01803  0.002604  0.001024
    91/199     31.8G   0.01144  0.002657 0.0009206   0.01502        42       640    0.7787    0.6955    0.7301    0.4537   0.01796  0.002628  0.001062
    92/199     31.8G   0.01126  0.002683 0.0009827   0.01492        52       640    0.7722    0.7048    0.7321    0.4452    0.0183  0.002649  0.001063
    93/199     31.8G   0.01108  0.002596 0.0009002   0.01458        28       640    0.7956    0.6862    0.7363    0.4568   0.01814  0.002621  0.001109
    94/199     31.8G   0.01108  0.002592 0.0009145   0.01458        45       640     0.782    0.6951    0.7383    0.4507    0.0183  0.002594  0.001093
    95/199     31.8G   0.01105  0.002657 0.0009285   0.01463        38       640    0.7966    0.6951     0.743    0.4466    0.0185  0.002628  0.000933
    96/199     31.8G   0.01119  0.002634 0.0008867   0.01471        46       640    0.7881     0.706      0.74    0.4496   0.01818  0.002598 0.0009681
    97/199     31.8G   0.01082    0.0026 0.0008726   0.01429        52       640    0.7848    0.7059     0.743    0.4615   0.01786  0.002635 0.0009601
    98/199     31.8G   0.01097  0.002514 0.0009155    0.0144        37       640    0.7864    0.7048    0.7435    0.4559   0.01785  0.002618 0.0009445
    99/199     31.8G   0.01078  0.002612 0.0008965   0.01429        36       640    0.7597    0.7224      0.74    0.4477   0.01809  0.002637 0.0009964
   100/199     31.8G   0.01102  0.002594 0.0009246   0.01454        46       640    0.7369    0.7486    0.7441    0.4533   0.01791  0.002627 0.0008941
   101/199     31.8G   0.01068  0.002562 0.0008553    0.0141        39       640     0.784    0.7025    0.7406    0.4467   0.01801   0.00267 0.0008207
   102/199     31.8G   0.01078  0.002582 0.0008847   0.01425        46       640    0.7934    0.7014    0.7511    0.4657   0.01766  0.002603 0.0008887
   103/199     31.8G   0.01057  0.002547 0.0008138   0.01394        34       640    0.8125    0.6869    0.7524    0.4682    0.0175  0.002613 0.0008355
   104/199     31.8G   0.01058  0.002501  0.000809   0.01389        36       640    0.8186    0.6765    0.7396    0.4525   0.01787  0.002723 0.0008598
   105/199     31.8G   0.01069  0.002587 0.0008334   0.01411        49       640    0.7447    0.7265    0.7314    0.4559   0.01779  0.002725 0.0009032
   106/199     31.8G   0.01054  0.002494 0.0007792   0.01382        44       640     0.784    0.7068    0.7461    0.4619    0.0178  0.002636 0.0008953
   107/199     31.8G   0.01056  0.002549 0.0008153   0.01392        40       640    0.7944    0.6915    0.7315    0.4488   0.01795  0.002714 0.0009135
   108/199     31.8G   0.01049  0.002484 0.0008091   0.01379        35       640    0.7926    0.6987    0.7465    0.4618   0.01774  0.002644 0.0009507
   109/199     31.8G   0.01065   0.00255 0.0007992     0.014        33       640    0.7956    0.7091     0.751    0.4602   0.01782  0.002623 0.0008818
   110/199     31.8G    0.0105  0.002489 0.0008158   0.01381        34       640    0.8367    0.6631    0.7365    0.4592   0.01773   0.00274 0.0008893
   111/199     31.8G   0.01047  0.002503 0.0008341   0.01381        32       640    0.7901    0.7115    0.7464    0.4614   0.01775  0.002653 0.0008912
   112/199     31.8G   0.01043   0.00247 0.0008194   0.01372        30       640    0.8114    0.7006    0.7501    0.4666   0.01755  0.002681 0.0009221
   113/199     31.8G   0.01025  0.002506 0.0008692   0.01363        44       640    0.7944    0.7107    0.7514    0.4603   0.01758  0.002675 0.0008385
   114/199     31.8G   0.01016  0.002454 0.0007401   0.01336        29       640    0.8192    0.6926    0.7452    0.4578   0.01771  0.002735 0.0008822
   115/199     31.8G   0.01003  0.002411 0.0007537   0.01319        32       640    0.7662    0.7203    0.7356    0.4473   0.01802  0.002803 0.0008692
   116/199     31.8G   0.01023  0.002454 0.0008178    0.0135        31       640    0.7943    0.7063    0.7411    0.4534   0.01781  0.002713 0.0008234
   117/199     31.8G   0.01019  0.002477 0.0007451   0.01341        39       640    0.8008    0.7008    0.7445    0.4562   0.01771  0.002693 0.0008501
   118/199     31.8G    0.0101  0.002423 0.0007533   0.01328        41       640     0.762    0.7205    0.7303    0.4446   0.01801  0.002773  0.000865
   119/199     31.8G   0.01009  0.002472 0.0007351    0.0133        24       640     0.802    0.7061    0.7448    0.4598   0.01794  0.002735 0.0008043
   120/199     31.8G   0.01005  0.002459 0.0007994   0.01331        38       640    0.7911    0.7072    0.7416     0.457   0.01799  0.002682 0.0007325
   121/199     31.8G  0.009937  0.002371 0.0007595   0.01307        48       640    0.8005    0.6858    0.7425    0.4576   0.01802  0.002699 0.0007363
   122/199     31.8G      0.01  0.002447 0.0007613   0.01321        52       640    0.7931    0.7072    0.7386    0.4537   0.01799  0.002672 0.0007705
   123/199     31.8G  0.009944  0.002336 0.0007362   0.01302        32       640    0.7607    0.7207    0.7393    0.4519   0.01814  0.002724 0.0007674
   124/199     31.8G    0.0101  0.002456 0.0007837   0.01334        60       640    0.7428    0.7173    0.7301     0.443   0.01814  0.002703 0.0008655
   125/199     31.8G   0.00981  0.002376 0.0007388   0.01292        35       640    0.7657    0.7091    0.7346    0.4501   0.01805  0.002738 0.0007958
   126/199     31.8G  0.009956  0.002424 0.0007159    0.0131        34       640     0.791    0.6876    0.7365    0.4531   0.01808  0.002766 0.0007911
   127/199     31.8G  0.009973  0.002398 0.0007748   0.01315        37       640    0.8085    0.6828    0.7472    0.4606   0.01801  0.002708 0.0007548
   128/199     31.8G  0.009756  0.002378 0.0007451   0.01288        44       640    0.8026    0.6956    0.7451    0.4535   0.01793  0.002765 0.0007162
   129/199     31.8G  0.009668  0.002362 0.0006847   0.01271        21       640    0.8101    0.6823    0.7384    0.4496   0.01806  0.002754 0.0007529
   130/199     31.8G  0.009753   0.00232 0.0006692   0.01274        41       640    0.8085    0.6989    0.7471     0.455   0.01813  0.002716 0.0007308
   131/199     31.8G   0.00974  0.002391 0.0007103   0.01284        33       640    0.8248    0.6792    0.7401    0.4497   0.01809  0.002731 0.0007118
   132/199     31.8G  0.009729  0.002421 0.0007365   0.01289        63       640    0.8157     0.687    0.7444    0.4547   0.01809  0.002725 0.0007707
   133/199     31.8G  0.009631  0.002358 0.0006721   0.01266        34       640    0.8174    0.6821    0.7398    0.4517   0.01818  0.002791 0.0007733
   134/199     31.8G  0.009581  0.002352  0.000678   0.01261        46       640    0.7766     0.708    0.7391    0.4516   0.01805  0.002779 0.0007409
   135/199     31.8G  0.009499  0.002352 0.0006885   0.01254        45       640    0.7616     0.725    0.7421    0.4536   0.01793  0.002797 0.0007574
   136/199     31.8G  0.009315  0.002262 0.0006629   0.01224        46       640    0.7602    0.7308    0.7444     0.457   0.01778  0.002782 0.0007733
   137/199     31.8G  0.009478  0.002293 0.0006518   0.01242        21       640    0.8426    0.6708    0.7475    0.4599   0.01779  0.002809 0.0007776
   138/199     31.8G  0.009688   0.00234 0.0007086   0.01274        47       640    0.8528    0.6568    0.7389    0.4553   0.01788   0.00284  0.000757
   139/199     31.8G  0.009456  0.002335 0.0006351   0.01243        34       640    0.7752    0.7156    0.7444    0.4552   0.01787  0.002813 0.0007356
   140/199     31.8G  0.009519  0.002327 0.0007135   0.01256        55       640    0.7833    0.7148    0.7457    0.4578   0.01777  0.002805 0.0007175
   141/199     31.8G  0.009376  0.002333 0.0006531   0.01236        43       640    0.8186     0.689    0.7469    0.4554   0.01794  0.002791 0.0007287
   142/199     31.8G  0.009496    0.0023 0.0006572   0.01245        50       640    0.7548     0.738    0.7416    0.4535   0.01787  0.002823 0.0007411
   143/199     31.8G  0.009571   0.00236 0.0006644    0.0126        40       640    0.7898    0.7003    0.7443    0.4545    0.0178  0.002821 0.0007104
   144/199     31.8G  0.009428  0.002361 0.0006612   0.01245        28       640    0.7917    0.7045    0.7462    0.4564   0.01777   0.00281 0.0006772
   145/199     31.8G  0.009217  0.002275 0.0006436   0.01214        31       640    0.7776     0.708    0.7421    0.4557   0.01781  0.002854 0.0006855
   146/199     31.8G   0.00929  0.002355 0.0006459   0.01229        55       640    0.7554    0.7232    0.7402    0.4556   0.01782  0.002829 0.0007326
   147/199     31.8G  0.009213  0.002277 0.0006652   0.01216        50       640    0.7642    0.7182    0.7414    0.4542   0.01784  0.002823 0.0007009
   148/199     31.8G  0.009266  0.002272 0.0006313   0.01217        48       640    0.7841    0.7062    0.7379    0.4516   0.01785  0.002836 0.0007234
   149/199     31.8G  0.009339  0.002314 0.0006017   0.01225        52       640    0.8258    0.6805    0.7438    0.4543   0.01781  0.002848 0.0007176
   150/199     31.8G  0.009147  0.002285 0.0005653     0.012        34       640    0.8212    0.6881    0.7454    0.4585   0.01775  0.002824 0.0006916
   151/199     31.8G  0.009113  0.002232 0.0006716   0.01202        39       640     0.807    0.6969     0.748    0.4573   0.01776  0.002847  0.000712
   152/199     31.8G  0.009257  0.002276 0.0006573   0.01219        46       640    0.8148    0.6959    0.7478    0.4587   0.01777   0.00284  0.000706
   153/199     31.8G  0.009118  0.002279   0.00059   0.01199        37       640    0.8217    0.6858     0.742     0.455   0.01777  0.002884 0.0007136
   154/199     31.8G  0.009086  0.002218 0.0006655   0.01197        39       640      0.82    0.6833    0.7392    0.4534   0.01778  0.002881 0.0007138
   155/199     31.8G  0.008983  0.002275 0.0005953   0.01185        26       640    0.8015    0.6881    0.7358     0.452   0.01783  0.002946 0.0007346
   156/199     31.8G  0.009125  0.002222  0.000638   0.01199        27       640    0.8108    0.6825    0.7371    0.4533   0.01789  0.002915 0.0007095
   157/199     31.8G  0.008991  0.002249 0.0005828   0.01182        43       640    0.8145    0.6838    0.7392    0.4527   0.01799  0.002903 0.0006783
   158/199     31.8G  0.009168  0.002307 0.0006211    0.0121        52       640    0.8055    0.7011    0.7468    0.4571   0.01791  0.002859 0.0006338
   159/199     31.8G  0.008882  0.002288 0.0005576   0.01173        33       640    0.8169    0.7073    0.7493    0.4588    0.0178  0.002867 0.0006096
   160/199     31.8G  0.009111  0.002245 0.0006577   0.01201        35       640    0.8109    0.7064    0.7511    0.4578   0.01785  0.002886 0.0006273
   161/199     31.8G  0.008787  0.002227  0.000591    0.0116        66       640    0.8172    0.6961    0.7517    0.4592   0.01781  0.002899 0.0006344
   162/199     31.8G  0.008908   0.00224 0.0005866   0.01173        42       640    0.8146    0.6954    0.7502    0.4568   0.01781  0.002909 0.0006454
   163/199     31.8G  0.009141  0.002284 0.0006112   0.01204        36       640    0.8172    0.6879    0.7462    0.4552   0.01788  0.002936 0.0006553
   164/199     31.8G  0.008791  0.002202 0.0005435   0.01154        47       640    0.8201    0.7024    0.7521    0.4602   0.01769  0.002901 0.0006232
   165/199     31.8G  0.008794  0.002269 0.0005947   0.01166        33       640    0.8252    0.6997    0.7578    0.4641   0.01768   0.00289 0.0006272
   166/199     31.8G  0.008956  0.002277 0.0006186   0.01185        32       640    0.8109    0.7052    0.7603    0.4651   0.01764  0.002873  0.000611
   167/199     31.8G  0.008961  0.002215 0.0006245    0.0118        42       640    0.7806    0.7318    0.7568    0.4639   0.01771  0.002873 0.0006143
   168/199     31.8G  0.008992  0.002253 0.0005928   0.01184        25       640      0.82    0.6984    0.7542    0.4608   0.01774  0.002886 0.0006232
   169/199     31.8G  0.008898   0.00227 0.0006595   0.01183        35       640    0.8173     0.702     0.756    0.4626   0.01777  0.002906 0.0006317
   170/199     31.8G  0.008804  0.002242  0.000611   0.01166        47       640    0.8165    0.7089    0.7579    0.4634   0.01779  0.002911 0.0006182
   171/199     31.8G  0.008795  0.002176 0.0005903   0.01156        34       640    0.8282    0.6947    0.7551    0.4597   0.01785  0.002931 0.0006353
   172/199     31.8G   0.00878  0.002204 0.0005851   0.01157        40       640    0.8048    0.7057    0.7532    0.4584   0.01786  0.002924 0.0006144
   173/199     31.8G  0.008799  0.002154  0.000522   0.01147        27       640    0.8286    0.6998    0.7587    0.4616   0.01779  0.002908 0.0006075
   174/199     31.8G  0.008723  0.002184 0.0005544   0.01146        32       640    0.8062    0.7118    0.7568    0.4632   0.01769  0.002912 0.0006148
   175/199     31.8G   0.00864  0.002161 0.0005757   0.01138        33       640    0.8407    0.6864    0.7573     0.464   0.01769  0.002915 0.0006166
   176/199     31.8G  0.008833  0.002254 0.0006229   0.01171        37       640    0.8075    0.7094    0.7591    0.4672   0.01769  0.002907 0.0006118
   177/199     31.8G  0.008674  0.002176 0.0005799   0.01143        21       640    0.8374    0.6872    0.7565    0.4621   0.01777  0.002904 0.0006113
   178/199     31.8G  0.008936  0.002219 0.0006022   0.01176        41       640    0.7843    0.7266    0.7574    0.4639   0.01776   0.00289 0.0006109
   179/199     31.8G  0.008846  0.002169 0.0005575   0.01157        38       640    0.7745    0.7273    0.7556    0.4646   0.01773  0.002899 0.0006176
   180/199     31.8G  0.008704  0.002194 0.0005336   0.01143        60       640    0.7848    0.7199     0.758    0.4647    0.0177  0.002906 0.0006133
   181/199     31.8G  0.008834  0.002198 0.0005571   0.01159        34       640    0.8452    0.6742    0.7552    0.4617   0.01772  0.002925 0.0006192
   182/199     31.8G  0.008732   0.00214 0.0005654   0.01144        34       640    0.8111    0.7001    0.7531    0.4608   0.01775  0.002931 0.0006065
   183/199     31.8G  0.008742  0.002211  0.000574   0.01153        50       640    0.8152    0.6905     0.749    0.4596   0.01776  0.002943 0.0006074
   184/199     31.8G  0.008661  0.002172 0.0005456   0.01138        47       640    0.8148    0.6965    0.7541    0.4613   0.01772  0.002946 0.0006112
   185/199     31.8G  0.008663  0.002137 0.0005795   0.01138        40       640    0.8283    0.6918    0.7568    0.4613    0.0177  0.002937 0.0006155
   186/199     31.8G  0.008763  0.002193 0.0006332   0.01159        46       640    0.8266    0.6953    0.7561    0.4624   0.01772  0.002929 0.0006146
   187/199     31.8G  0.008673   0.00219 0.0006108   0.01147        35       640     0.809    0.7089    0.7564    0.4629   0.01779  0.002932 0.0006225
   188/199     31.8G   0.00867  0.002154   0.00059   0.01141        27       640    0.8007    0.7148    0.7577    0.4644   0.01776  0.002927 0.0006372
   189/199     31.8G   0.00873  0.002182 0.0006191   0.01153        39       640    0.8033    0.7143    0.7573    0.4614   0.01778  0.002925 0.0006313
   190/199     31.8G  0.008517  0.002181 0.0005461   0.01124        42       640    0.8321    0.6928    0.7581    0.4617   0.01782  0.002932 0.0006247
   191/199     31.8G  0.008623  0.002165 0.0005333   0.01132        44       640    0.8402    0.6862    0.7568    0.4619   0.01783   0.00294 0.0006269
   192/199     31.8G  0.008584  0.002183 0.0005574   0.01132        57       640    0.8545    0.6771    0.7572    0.4614    0.0178  0.002952 0.0006329
   193/199     31.8G  0.008544  0.002153 0.0005157   0.01121        37       640    0.8359    0.6885    0.7582     0.462   0.01781  0.002955 0.0006415
   194/199     31.8G  0.008599  0.002185  0.000531   0.01132        25       640    0.8182    0.6992    0.7572    0.4622   0.01781  0.002969 0.0006545
   195/199     31.8G  0.008487   0.00208 0.0004816   0.01105        32       640    0.8297    0.6909    0.7586     0.463   0.01778   0.00297 0.0006548
   196/199     31.8G   0.00874  0.002228 0.0005145   0.01148        35       640    0.8195    0.6948    0.7566    0.4634   0.01778  0.002975 0.0006394
   197/199     31.8G   0.00873  0.002163 0.0005498   0.01144        42       640    0.8149    0.7026    0.7574    0.4622   0.01778   0.00298  0.000631
   198/199     31.8G  0.008642  0.002208 0.0005798   0.01143        46       640    0.8079    0.7098    0.7578    0.4632   0.01776  0.002981 0.0006276
   199/199     31.8G  0.008512  0.002171 0.0005748   0.01126        52       640     0.805    0.7108    0.7579    0.4628   0.01776  0.002992 0.0006326
