21 0.515625 0.17041015625 0.3489583333333333 0.1669921875
21 0.21744791666666666 0.42333984375 0.06510416666666666 0.0205078125
21 0.15169270833333331 0.74951171875 0.18098958333333331 0.0634765625
21 0.5279947916666666 0.40576171875 0.09765625 0.0478515625
21 0.5234375 0.7509765625 0.033854166666666664 0.017578125
21 0.5123697916666666 0.70068359375 0.03515625 0.0146484375
21 0.501953125 0.654296875 0.03255208333333333 0.015625
21 0.49088541666666663 0.61181640625 0.03125 0.0126953125
21 0.8307291666666666 0.72119140625 0.046875 0.0205078125
21 0.7721354166666666 0.4951171875 0.03125 0.01171875
