20 0.52099609375 0.86328125 0.1201171875 0.078125
20 0.87744140625 0.9029947916666666 0.0517578125 0.10026041666666666
20 0.8974609375 0.7037760416666666 0.029296875 0.03255208333333333
20 0.40771484375 0.05013020833333333 0.0380859375 0.02734375
20 0.46826171875 0.055338541666666664 0.0361328125 0.03255208333333333
20 0.521484375 0.05859375 0.041015625 0.0390625
20 0.41845703125 0.19205729166666666 0.0400390625 0.04036458333333333
20 0.48095703125 0.16731770833333331 0.0439453125 0.04817708333333333
20 0.541015625 0.11393229166666666 0.033203125 0.05598958333333333
20 0.59619140625 0.03515625 0.0341796875 0.0625
20 0.67919921875 0.053385416666666664 0.0322265625 0.03645833333333333
20 0.7265625 0.056640625 0.03125 0.029947916666666664
20 0.78564453125 0.05598958333333333 0.0322265625 0.028645833333333332
20 0.81884765625 0.07552083333333333 0.0419921875 0.028645833333333332
20 0.86474609375 0.0859375 0.0283203125 0.028645833333333332
20 0.90576171875 0.09114583333333333 0.0302734375 0.026041666666666664
20 0.9482421875 0.08723958333333333 0.02734375 0.028645833333333332
20 0.98046875 0.08658854166666666 0.02734375 0.03255208333333333
20 0.57421875 0.06575520833333333 0.025390625 0.022135416666666664
