23 0.220703125 0.5 0.111328125 0.1371069182389937
23 0.2216796875 0.6716981132075471 0.109375 0.13333333333333333
23 0.23486328125 0.8358490566037735 0.1103515625 0.13459119496855346
23 0.2470703125 0.9654088050314464 0.09765625 0.06666666666666667
23 0.80517578125 0.6496855345911949 0.1240234375 0.1471698113207547
23 0.81591796875 0.4786163522012578 0.1220703125 0.16981132075471697
23 0.78564453125 0.2930817610062893 0.1181640625 0.1610062893081761
23 0.28369140625 0.2861635220125786 0.0810546875 0.09937106918238993
23 0.2783203125 0.15220125786163521 0.078125 0.0981132075471698
23 0.27197265625 0.03710691823899371 0.0849609375 0.07169811320754717
23 0.80078125 0.8169811320754716 0.083984375 0.10440251572327043
23 0.78759765625 0.9622641509433961 0.0810546875 0.0729559748427673
