23 0.77294921875 0.21549479166666666 0.0458984375 0.05859375
23 0.11083984375 0.029947916666666664 0.0478515625 0.057291666666666664
23 0.72119140625 0.634765625 0.0283203125 0.037760416666666664
23 0.5859375 0.11588541666666666 0.1015625 0.0625
23 0.32275390625 0.330078125 0.0634765625 0.05598958333333333
23 0.1787109375 0.34244791666666663 0.091796875 0.05208333333333333
23 0.1025390625 0.41471354166666663 0.0390625 0.04817708333333333
23 0.39208984375 0.5657552083333333 0.0458984375 0.045572916666666664
23 0.6259765625 0.5735677083333333 0.046875 0.045572916666666664
23 0.34716796875 0.40690104166666663 0.0341796875 0.05078125
23 0.02490234375 0.32877604166666663 0.0478515625 0.05859375
23 0.220703125 0.5787760416666666 0.025390625 0.01953125
