30 0.6259765625 0.661608497723824 0.169921875 0.4764795144157815
30 0.431640625 0.6676783004552352 0.11328125 0.3975720789074355
30 0.31982421875 0.6783004552352049 0.1103515625 0.3550834597875569
30 0.21875 0.6805766312594841 0.095703125 0.31714719271623676
30 0.14453125 0.6881638846737481 0.08984375 0.2928679817905918
30 0.078125 0.6904400606980273 0.078125 0.26100151745068284
30 0.03076171875 0.6858877086494689 0.0595703125 0.2488619119878604
30 0.7333984375 0.6911987860394537 0.064453125 0.38694992412746587
30 0.77392578125 0.716236722306525 0.0458984375 0.3277693474962064
30 0.14892578125 0.07663125948406677 0.0673828125 0.15022761760242792
30 0.0966796875 0.10242792109256449 0.05859375 0.17147192716236723
30 0.05224609375 0.14036418816388468 0.0478515625 0.15326251896813353
30 0.01904296875 0.17223065250379363 0.0361328125 0.13505311077389986
30 0.88134765625 0.0629742033383915 0.0361328125 0.06828528072837634
30 0.8388671875 0.03490136570561457 0.0390625 0.06676783004552353
