24 0.1806640625 0.8264516129032258 0.06640625 0.08645161290322581
24 0.4248046875 0.8754838709677419 0.06640625 0.07612903225806451
24 0.8544921875 0.7967741935483871 0.044921875 0.05806451612903226
24 0.83056640625 0.6458064516129032 0.0654296875 0.09161290322580645
24 0.64111328125 0.6787096774193548 0.0380859375 0.05161290322580645
24 0.2880859375 0.48516129032258065 0.064453125 0.08
24 0.43994140625 0.3225806451612903 0.0771484375 0.1032258064516129
24 0.30078125 0.36451612903225805 0.04296875 0.04774193548387097
24 0.18505859375 0.01870967741935484 0.0615234375 0.03483870967741935
24 0.6123046875 0.023870967741935485 0.064453125 0.04516129032258064
24 0.2666015625 0.6290322580645161 0.068359375 0.05290322580645161
24 0.58154296875 0.38451612903225807 0.0517578125 0.08
