15 0.12562500000000001 0.0947467166979362 0.08875 0.10694183864915573
15 0.63625 0.07410881801125703 0.0925 0.12570356472795496
15 0.938125 0.15384615384615385 0.09375 0.1350844277673546
15 0.9137500000000001 0.44840525328330205 0.0925 0.1275797373358349
15 0.771875 0.2607879924953096 0.08875 0.12382739212007504
15 0.035625000000000004 0.47373358348968103 0.06875 0.09193245778611632
15 0.355625 0.46153846153846156 0.07625 0.12382739212007504
15 0.39875 0.5872420262664165 0.08 0.13883677298311445
15 0.745 0.9221388367729831 0.09 0.09568480300187618
15 0.9425 0.8658536585365854 0.08750000000000001 0.11819887429643527
15 0.5337500000000001 0.9606003752345216 0.10250000000000001 0.075046904315197
