27 0.53564453125 0.61767578125 0.2294921875 0.1376953125
27 0.529296875 0.345703125 0.146484375 0.0625
27 0.13232421875 0.3466796875 0.1259765625 0.05078125
27 0.84716796875 0.31689453125 0.1201171875 0.0439453125
27 0.8544921875 0.54736328125 0.19140625 0.1787109375
27 0.396484375 0.251953125 0.095703125 0.03515625
27 0.85400390625 0.21826171875 0.0908203125 0.0283203125
27 0.60546875 0.1787109375 0.083984375 0.029296875
27 0.19970703125 0.20751953125 0.0888671875 0.0302734375
27 0.3857421875 0.13720703125 0.07421875 0.0185546875
