     0/199     32.2G   0.06328  0.009465   0.02939    0.1021       133       640 0.0001976   0.00335 2.206e-05 3.591e-06   0.06091  0.007792   0.02929
     1/199     31.9G   0.05975  0.009463   0.02931   0.09852       151       640  0.000256    0.0293 3.954e-05 8.146e-06    0.0574  0.007606   0.02925
     2/199     31.9G   0.05578  0.009288    0.0293   0.09437       122       640 0.0004076   0.03282 8.131e-05 2.073e-05   0.05446  0.007418   0.02917
     3/199     31.9G   0.05279  0.009314    0.0291    0.0912       135       640 0.0006631    0.0372 0.0001633 4.588e-05   0.05181  0.007251   0.02907
     4/199     31.9G   0.04995    0.0095     0.029   0.08845       121       640  0.001249   0.05197 0.0004318 0.0001372   0.04904  0.007105   0.02899
     5/199     31.9G    0.0469  0.009304   0.02886   0.08506       122       640  0.006884   0.01795  0.001476 0.0005749   0.04574  0.006998    0.0289
     6/199     31.9G   0.04358  0.009465   0.02875   0.08179       117       640   0.01063   0.07578  0.004704  0.002071   0.04187  0.006905   0.02883
     7/199     31.9G   0.03996  0.009091   0.02857   0.07761       145       640   0.01558   0.09295  0.009158  0.003887   0.03826  0.006789   0.02878
     8/199     31.9G   0.03705  0.009031   0.02849   0.07457       170       640   0.01596    0.1427   0.01054  0.003963   0.03565  0.006632   0.02868
     9/199     31.9G     0.034   0.00931   0.02844   0.07174       158       640   0.01685       0.2   0.01284  0.004899    0.0323   0.00648   0.02859
    10/199     31.9G   0.03089   0.00865   0.02834   0.06788       134       640   0.01913    0.2455   0.01539  0.008039   0.02839  0.006369   0.02852
    11/199     31.9G   0.02906  0.008657   0.02823   0.06594       130       640   0.02659    0.1241   0.01718   0.01012   0.02553  0.006224   0.02846
    12/199     31.9G   0.02721  0.008563    0.0282   0.06397       101       640   0.02499    0.1871   0.01862  0.009623   0.02586  0.005878    0.0284
    13/199     31.9G   0.02577  0.008013   0.02816   0.06194       143       640   0.02665    0.1982   0.01998   0.01142   0.02484  0.005713   0.02832
    14/199     31.9G   0.02517  0.008292   0.02806   0.06152       130       640   0.02616    0.1599   0.02126   0.01274   0.02267  0.005555   0.02828
    15/199     31.9G   0.02397  0.007744   0.02803   0.05974       120       640   0.06333    0.1026    0.0232   0.01338    0.0226  0.005311   0.02823
    16/199     31.9G    0.0233  0.007552   0.02795    0.0588       142       640   0.03015    0.1716   0.02412   0.01484   0.02146    0.0052    0.0282
    17/199     31.9G   0.02243  0.007443   0.02791   0.05778       139       640   0.03195     0.155   0.02674    0.0173   0.02046   0.00498   0.02816
    18/199     31.9G   0.02184  0.006806   0.02786   0.05651       142       640   0.03248    0.1939   0.02786   0.01909   0.01928  0.004827   0.02812
    19/199     31.9G   0.02097  0.006698   0.02777   0.05544       149       640     0.032    0.2388   0.02956   0.01976   0.01964  0.004649   0.02808
    20/199     31.9G   0.02065  0.006401   0.02774    0.0548       148       640   0.04055    0.1754   0.03135   0.02203   0.01845  0.004469   0.02805
    21/199     31.9G   0.01988  0.006159   0.02768   0.05372       157       640     0.039    0.1977   0.03247   0.02148   0.01858  0.004327   0.02799
    22/199     31.9G   0.01969  0.005987   0.02764   0.05332       134       640   0.04338    0.1884   0.03434   0.02215   0.01931  0.004102   0.02796
    23/199     31.9G   0.01963   0.00585   0.02755   0.05304       117       640   0.04965    0.1754   0.04097   0.02848   0.01796  0.004003    0.0279
    24/199     31.9G   0.01894  0.005508   0.02747   0.05192       120       640   0.05055    0.2121   0.04443    0.0306   0.01786  0.003873   0.02787
    25/199     31.9G   0.01844  0.005167   0.02744   0.05104       139       640   0.05679    0.1626   0.04536   0.03315   0.01709  0.003827    0.0278
    26/199     31.9G   0.02238    0.0055   0.02742    0.0553       143       640   0.05354    0.2024   0.04386   0.02525   0.02137   0.00393   0.02776
    27/199     31.9G    0.0208  0.005541   0.02737   0.05371       141       640   0.05315    0.1831   0.04474    0.0297   0.01879  0.004051   0.02772
    28/199     31.9G    0.0202  0.005471    0.0273   0.05297       128       640   0.09716    0.1353   0.04816   0.03326   0.01782  0.003996   0.02766
    29/199     31.9G   0.01947  0.005408   0.02726   0.05214       123       640   0.07557      0.14   0.06116   0.04088   0.01826  0.003777   0.02758
    30/199     31.9G   0.01922   0.00516   0.02721   0.05159       128       640   0.08193    0.1591   0.06546   0.04466   0.01785  0.003683    0.0275
    31/199     31.9G   0.01893  0.004975   0.02709   0.05099       157       640   0.09792     0.147   0.07513   0.04692   0.01805  0.003599   0.02742
    32/199     31.9G   0.01869  0.004838   0.02685   0.05038       145       640    0.0979     0.187   0.08647   0.05885   0.01712  0.003553   0.02729
    33/199     31.9G   0.01765   0.00474   0.02671    0.0491       154       640    0.1026    0.2257   0.09835   0.06373   0.01773  0.003303   0.02714
    34/199     31.9G   0.01753  0.004372   0.02651   0.04841       132       640    0.1185     0.211    0.1078   0.07442   0.01673  0.003379   0.02701
    35/199     31.9G   0.01735  0.004375   0.02624   0.04797       125       640    0.1436    0.2159     0.116   0.07355   0.01809  0.003236   0.02685
    36/199     31.9G   0.01687  0.004218    0.0262   0.04729       111       640    0.1403    0.2552    0.1369   0.09424   0.01626  0.003166   0.02669
    37/199     31.9G   0.01717  0.004179   0.02585    0.0472       157       640    0.1592    0.2572    0.1405   0.09291     0.018  0.003277   0.02649
    38/199     31.9G    0.0172  0.004104   0.02576   0.04707       149       640    0.1648    0.2754    0.1575    0.1106   0.01682  0.003186   0.02629
    39/199     31.9G   0.01623  0.003906   0.02549   0.04563       131       640    0.1678    0.3031    0.1769    0.1154   0.01813  0.003137   0.02609
    40/199     31.9G   0.01623  0.003708   0.02502   0.04496       135       640    0.1778    0.3125    0.1949    0.1282   0.01737  0.003052   0.02579
    41/199     31.9G   0.01627  0.003756   0.02484   0.04487       116       640    0.1695    0.3403    0.2068    0.1337   0.01674  0.002983   0.02554
    42/199     31.9G    0.0159  0.003724   0.02443   0.04406       130       640    0.1838    0.3323    0.2257    0.1533   0.01645  0.003023   0.02521
    43/199     31.9G   0.01639  0.003673   0.02415   0.04421       147       640    0.2105    0.3193    0.2453    0.1647   0.01665  0.002971   0.02487
    44/199     31.9G    0.0161  0.003496   0.02356   0.04315       103       640    0.1929    0.3571    0.2528     0.168   0.01745  0.003059   0.02459
    45/199     31.9G   0.01573  0.003389    0.0234   0.04252       118       640    0.2157    0.3479    0.2639    0.1759   0.01687  0.003059   0.02428
    46/199     31.9G   0.01567  0.003557   0.02285   0.04208       134       640    0.2145    0.3935    0.2884    0.1956   0.01667  0.002948   0.02393
    47/199     31.9G   0.01532  0.003289   0.02232   0.04093       157       640    0.2282    0.4002    0.3003    0.2011   0.01736  0.002931   0.02355
    48/199     31.9G   0.01607   0.00346    0.0222   0.04173       119       640    0.2817    0.3853    0.3201    0.2248   0.01625  0.002911   0.02326
    49/199     31.9G   0.01565   0.00338   0.02162   0.04066       145       640    0.3081    0.3978    0.3513    0.2411   0.01692  0.002828   0.02287
    50/199     31.9G   0.01584  0.003271   0.02112   0.04023       126       640    0.3395    0.3995    0.3617    0.2508   0.01595  0.002816   0.02255
    51/199     31.9G   0.01555  0.003232   0.02096   0.03974       129       640    0.3442    0.4167    0.3832    0.2648   0.01623  0.002825   0.02229
    52/199     31.9G   0.01584  0.003173   0.02056   0.03958       138       640    0.3945    0.4101    0.3974    0.2825   0.01591  0.002861   0.02188
    53/199     31.9G    0.0154  0.003254   0.02028   0.03893       112       640    0.4136    0.4309    0.4236    0.2889   0.01686  0.002825   0.02148
    54/199     31.9G   0.01511  0.003214   0.01956   0.03789       166       640    0.4132    0.4623    0.4356    0.2995   0.01685  0.002835   0.02115
    55/199     31.9G    0.0153  0.003268    0.0195   0.03806       173       640    0.4684    0.4492    0.4518    0.2948   0.01739  0.002846   0.02079
    56/199     31.9G   0.01523  0.003153   0.01911    0.0375       146       640    0.5529    0.4479    0.4709    0.3359   0.01634  0.002935   0.02049
    57/199     31.9G   0.01524  0.003179   0.01867   0.03708       124       640    0.5962    0.4508    0.4874    0.3445   0.01627  0.002777   0.02007
    58/199     31.9G    0.0151  0.003186   0.01822    0.0365       143       640    0.6531    0.4534    0.5025    0.3513   0.01664  0.002767    0.0196
    59/199     31.9G   0.01541  0.003058   0.01762   0.03609       147       640    0.7075    0.4455    0.5146    0.3562   0.01674  0.002806   0.01925
    60/199     31.9G   0.01532  0.003064   0.01739   0.03578        99       640    0.6627    0.4671    0.5344    0.3637   0.01678  0.002694   0.01884
    61/199     31.9G   0.01513  0.003117   0.01697   0.03521       132       640    0.6605     0.486    0.5382    0.3639   0.01685  0.002778   0.01845
    62/199     31.9G   0.01571  0.002983   0.01681    0.0355       136       640    0.7268    0.4742    0.5378    0.3705    0.0165  0.002854   0.01818
    63/199     31.9G    0.0155   0.00301    0.0163   0.03481       141       640    0.7285    0.4969     0.547    0.3487   0.01796  0.002827   0.01779
    64/199     31.9G   0.01586  0.003152   0.01573   0.03475       141       640    0.7801    0.4914    0.5617    0.3883   0.01694  0.002822   0.01743
    65/199     31.9G   0.01538  0.003036   0.01545   0.03387       148       640    0.7831    0.5143    0.5854     0.393   0.01725  0.002733   0.01686
    66/199     31.9G   0.01513  0.002906   0.01453   0.03257       121       640    0.7396    0.5342    0.5858    0.3922   0.01692  0.002771   0.01657
    67/199     31.9G   0.01556  0.003072   0.01444   0.03307       152       640    0.7799     0.533    0.6036    0.4135   0.01679  0.002682   0.01621
    68/199     31.9G   0.01566  0.002996   0.01413   0.03278       132       640    0.8072    0.5312    0.6068    0.4103   0.01659  0.002736    0.0159
    69/199     31.9G   0.01548  0.002984   0.01378   0.03224       157       640    0.7153    0.5647    0.6048    0.4171    0.0174  0.002808   0.01568
    70/199     31.9G   0.01569  0.002907   0.01338   0.03197       126       640    0.7566    0.5613    0.6133    0.4159   0.01731  0.002805   0.01553
    71/199     31.9G   0.01558  0.002938   0.01314   0.03166       141       640    0.7425    0.5705     0.618    0.4229   0.01656  0.002774   0.01511
    72/199     31.9G   0.01531  0.002918   0.01253   0.03076       120       640    0.7248    0.5965     0.629    0.4341   0.01674  0.002772   0.01477
    73/199     31.9G    0.0153  0.002867   0.01216   0.03032       132       640     0.759    0.6015    0.6351    0.4356   0.01691  0.002799   0.01443
    74/199     31.9G   0.01526  0.002961   0.01197   0.03019       140       640    0.7823    0.5966     0.643    0.4407   0.01728  0.002784   0.01418
    75/199     31.9G   0.01512  0.002832   0.01141   0.02936       143       640    0.7961    0.6023    0.6528    0.4548   0.01683  0.002766   0.01373
    76/199     31.9G   0.01534    0.0028   0.01145    0.0296       128       640    0.8141    0.5973    0.6559    0.4445   0.01699  0.002781   0.01368
    77/199     31.9G   0.01541  0.002852    0.0109   0.02916       134       640    0.8096    0.6154    0.6675    0.4568   0.01707  0.002734    0.0133
    78/199     31.9G   0.01532  0.002789   0.01066   0.02877       149       640    0.8008    0.6212    0.6691    0.4575   0.01687  0.002788   0.01304
    79/199     31.9G   0.01552   0.00278   0.01058   0.02889       150       640     0.812     0.619    0.6754     0.463   0.01733  0.002782   0.01286
    80/199     31.9G   0.01515  0.002714   0.01001   0.02787       119       640    0.8149    0.6447     0.691    0.4856   0.01662  0.002735   0.01236
    81/199     31.9G   0.01514  0.002782  0.009912   0.02783       146       640    0.8163    0.6469     0.694      0.49   0.01635  0.002721   0.01222
    82/199     31.9G   0.01526   0.00289  0.009988   0.02814       160       640    0.8546    0.6153     0.682    0.4657   0.01704   0.00275   0.01224
    83/199     31.9G   0.01523  0.002678  0.009485   0.02739       118       640    0.8442    0.6327    0.6916     0.479    0.0165  0.002803   0.01195
    84/199     31.9G    0.0149  0.002828  0.009511   0.02724       114       640    0.8397    0.6433    0.6982    0.4819   0.01678  0.002749   0.01166
    85/199     31.9G   0.01468  0.002867  0.009184   0.02673       152       640    0.8296    0.6485    0.7018    0.4844    0.0167  0.002725   0.01153
    86/199     31.9G   0.01467   0.00272  0.008856   0.02625       109       640    0.8233    0.6533    0.6995    0.4709   0.01732  0.002791   0.01129
    87/199     31.9G   0.01433  0.002597  0.008521   0.02545       146       640    0.8465    0.6449    0.7031    0.4896    0.0168  0.002784   0.01108
    88/199     31.9G   0.01484  0.002778  0.008352   0.02597       120       640    0.8579    0.6434    0.7132    0.4879   0.01706  0.002713   0.01077
    89/199     31.9G   0.01419  0.002633  0.007888   0.02471       138       640    0.8418    0.6522    0.7124    0.5011   0.01631  0.002727   0.01069
    90/199     31.9G    0.0148  0.002732  0.008133   0.02566       170       640    0.8172    0.6623    0.7078    0.4809   0.01743  0.002732   0.01053
    91/199     31.9G   0.01433  0.002807  0.007901   0.02503       115       640    0.8071    0.6826    0.7239    0.4933     0.017  0.002652   0.01029
    92/199     31.9G   0.01487  0.002778  0.007827   0.02548       126       640    0.8428    0.6619    0.7185    0.5107   0.01618  0.002725    0.0103
    93/199     31.9G   0.01411  0.002603  0.007659   0.02437       105       640    0.8558    0.6574    0.7234    0.5107   0.01644  0.002714   0.01011
    94/199     31.9G   0.01416  0.002671  0.007215   0.02404       125       640    0.8445    0.6646     0.725    0.5065   0.01637   0.00272  0.009968
    95/199     31.9G   0.01432  0.002675  0.007274   0.02427       127       640    0.8536    0.6634    0.7281     0.498   0.01671  0.002723  0.009997
    96/199     31.9G   0.01425  0.002591  0.007289   0.02413       104       640    0.8118    0.6864    0.7297    0.5215   0.01618  0.002733  0.009939
    97/199     31.9G   0.01372  0.002575  0.007141   0.02343       143       640     0.845    0.6594    0.7254    0.5102    0.0165  0.002754   0.00974
    98/199     31.9G    0.0143  0.002643  0.006988   0.02393       132       640    0.8348    0.6663    0.7271    0.5164    0.0165  0.002752  0.009537
    99/199     31.9G     0.014  0.002546   0.00669   0.02324       122       640    0.8556    0.6646    0.7302    0.5199   0.01627  0.002769  0.009396
   100/199     31.9G   0.01393  0.002633  0.006862   0.02342       146       640    0.8384    0.6747    0.7319    0.5114    0.0166  0.002734  0.009406
   101/199     31.9G   0.01467  0.002647  0.006637   0.02396       139       640    0.8406    0.6744    0.7318    0.5228   0.01607  0.002738  0.009319
   102/199     31.9G   0.01327  0.002518  0.006518   0.02231       110       640    0.8463    0.6658    0.7275    0.5179   0.01624  0.002787  0.009197
   103/199     31.9G    0.0134  0.002635  0.006323   0.02236       147       640    0.8604    0.6579    0.7284    0.5247   0.01617  0.002812  0.008967
   104/199     31.9G   0.01331  0.002563  0.006113   0.02198       140       640    0.8463    0.6795    0.7417    0.5235   0.01649  0.002728  0.008816
   105/199     31.9G   0.01368  0.002558  0.006159   0.02239       126       640    0.8422    0.6836    0.7443    0.5271   0.01626  0.002693  0.008702
   106/199     31.9G   0.01301  0.002555  0.005973   0.02153       134       640    0.8318    0.6761    0.7259    0.5278    0.0164  0.002803  0.008883
   107/199     31.9G     0.013  0.002464   0.00584   0.02131       142       640    0.8386    0.6715    0.7308    0.5235    0.0165  0.002775  0.008792
   108/199     31.9G   0.01336  0.002444  0.005795    0.0216       137       640    0.8612    0.6618    0.7352    0.5249   0.01645  0.002778  0.008682
   109/199     31.9G   0.01319  0.002537   0.00587   0.02159       150       640    0.8364     0.676    0.7308     0.519   0.01637  0.002835   0.00866
   110/199     31.9G   0.01302  0.002518  0.005725   0.02127       154       640    0.8611    0.6733    0.7477    0.5344   0.01615  0.002686  0.008281
   111/199     31.9G   0.01283  0.002479   0.00554   0.02085       104       640    0.8403    0.6843    0.7457    0.5383   0.01614  0.002735  0.008175
   112/199     31.9G   0.01304  0.002465  0.005539   0.02105       118       640    0.8179      0.69    0.7329    0.5303   0.01651  0.002814  0.008441
   113/199     31.9G   0.01304  0.002565  0.005357   0.02096       134       640    0.8502      0.68    0.7386    0.5293   0.01648  0.002756  0.008277
   114/199     31.9G   0.01314  0.002435  0.005381   0.02096       138       640    0.8392    0.6818    0.7354    0.5232   0.01651  0.002796  0.008169
   115/199     31.9G   0.01295  0.002464  0.005309   0.02072       118       640    0.8517    0.6706    0.7318    0.5301   0.01597  0.002848  0.008228
   116/199     31.9G   0.01252  0.002427   0.00518   0.02013       126       640    0.8453    0.6792     0.741    0.5268   0.01643  0.002792  0.008024
   117/199     31.9G   0.01263  0.002455  0.005167   0.02026       139       640    0.8414    0.6918    0.7478    0.5417   0.01589  0.002761  0.007913
   118/199     31.9G   0.01241  0.002496  0.005053   0.01996       117       640    0.8439    0.6808    0.7473    0.5351   0.01605  0.002769  0.007888
   119/199     31.9G   0.01278  0.002461  0.005001   0.02024       112       640    0.8262    0.6951     0.744    0.5283   0.01628  0.002794  0.007819
   120/199     31.9G   0.01232  0.002425   0.00481   0.01955       144       640    0.8312       0.7    0.7487    0.5376   0.01599  0.002794  0.007722
   121/199     31.9G   0.01227  0.002424   0.00473   0.01943       127       640     0.833    0.6856    0.7423    0.5313   0.01638  0.002801  0.007888
   122/199     31.9G   0.01276  0.002576  0.005028   0.02036       119       640    0.8261    0.6948    0.7446    0.5382   0.01619  0.002789  0.007776
   123/199     31.9G   0.01232  0.002425  0.004807   0.01955        99       640    0.8221    0.6966    0.7407    0.5337   0.01621  0.002807  0.007746
   124/199     31.9G   0.01178  0.002434  0.004698   0.01891       146       640    0.8271    0.6862    0.7358    0.5318   0.01635  0.002871  0.007656
   125/199     31.9G   0.01199  0.002325  0.004682     0.019       138       640     0.838    0.6797    0.7368    0.5353   0.01631    0.0029  0.007703
   126/199     31.9G   0.01252  0.002383  0.004655   0.01956       131       640    0.8356    0.6836    0.7372    0.5297   0.01652  0.002899  0.007654
   127/199     31.9G   0.01208  0.002463  0.004838   0.01938       148       640    0.8252    0.6973    0.7369    0.5341   0.01629  0.002887  0.007587
   128/199     31.9G    0.0123  0.002503  0.004427   0.01923       147       640    0.8202    0.7032    0.7482    0.5379   0.01615  0.002836  0.007452
   129/199     31.9G   0.01202  0.002344  0.004484   0.01884       146       640    0.8378    0.6939    0.7475    0.5419   0.01613  0.002831  0.007234
   130/199     31.9G   0.01137  0.002378  0.004354   0.01811       153       640    0.8266    0.7017    0.7467    0.5391   0.01628  0.002833  0.007358
   131/199     31.9G   0.01173  0.002333  0.004371   0.01844       144       640    0.8343    0.6989    0.7485    0.5428   0.01603  0.002842  0.007215
   132/199     31.9G   0.01145  0.002416  0.004332    0.0182       171       640      0.83    0.7074    0.7503    0.5405   0.01626  0.002805  0.007126
   133/199     31.9G    0.0119  0.002388  0.004207    0.0185        93       640    0.8172     0.717    0.7478    0.5401   0.01622  0.002847  0.007079
   134/199     31.9G   0.01147  0.002392  0.004287   0.01815       123       640    0.8245    0.7132    0.7505    0.5398   0.01647  0.002818  0.007007
   135/199     31.9G   0.01176  0.002386  0.004365   0.01851       138       640    0.8384    0.7008    0.7546    0.5531   0.01574  0.002794  0.006984
   136/199     31.9G   0.01122  0.002245  0.003935    0.0174       127       640    0.8387    0.6965    0.7512    0.5417   0.01622  0.002803  0.006939
   137/199     31.9G   0.01124  0.002419  0.004189   0.01784        93       640    0.8356    0.7032    0.7542    0.5407   0.01621  0.002791  0.006881
   138/199     31.9G   0.01129  0.002373  0.004034   0.01769       139       640     0.823    0.7144    0.7574    0.5466   0.01599  0.002777  0.006815
   139/199     31.9G   0.01126  0.002386  0.004135   0.01778       160       640    0.8487    0.6959     0.754    0.5472   0.01588  0.002779  0.006851
   140/199     31.9G   0.01082  0.002243  0.003971   0.01703       102       640    0.8375    0.6895    0.7399    0.5361   0.01624    0.0029  0.007065
   141/199     31.9G   0.01126  0.002396  0.003889   0.01754       144       640    0.8175    0.7144    0.7513    0.5465   0.01604  0.002823  0.006938
   142/199     31.9G   0.01099  0.002286  0.003803   0.01708       138       640    0.8233    0.7138    0.7504    0.5454   0.01603   0.00283  0.006832
   143/199     31.9G   0.01093  0.002205  0.003773   0.01691       122       640    0.8299    0.7102    0.7514    0.5461   0.01608  0.002821  0.006637
   144/199     31.9G   0.01086  0.002289  0.003744    0.0169       136       640    0.8466     0.695    0.7519    0.5488   0.01595  0.002836  0.006691
   145/199     31.9G   0.01105  0.002288  0.003743   0.01708       123       640    0.8337    0.7021    0.7477    0.5373    0.0164  0.002863  0.006774
   146/199     31.9G   0.01101  0.002171  0.003801   0.01698       118       640    0.8374    0.6987    0.7501    0.5449   0.01595  0.002841  0.006709
   147/199     31.9G   0.01047  0.002275  0.003733   0.01648       141       640    0.8361    0.6896     0.742    0.5425    0.0161  0.002883  0.006807
   148/199     31.9G   0.01049  0.002218  0.003494    0.0162       148       640    0.8351    0.6911    0.7401    0.5373   0.01624  0.002933   0.00677
   149/199     31.9G   0.01076  0.002271  0.003709   0.01674       120       640     0.841     0.688    0.7452    0.5427   0.01622  0.002881  0.006796
   150/199     31.9G    0.0106  0.002272  0.003701   0.01658       155       640    0.8169    0.7112    0.7547    0.5512   0.01577  0.002796  0.006594
   151/199     31.9G   0.01077  0.002328  0.003694    0.0168       129       640    0.8337     0.703    0.7557     0.554   0.01566  0.002824  0.006523
   152/199     31.9G   0.01062  0.002309  0.003775    0.0167       184       640    0.8148    0.7183    0.7577    0.5531    0.0158  0.002813  0.006415
   153/199     31.9G    0.0102   0.00223  0.003384   0.01582       130       640    0.8128    0.7257    0.7615    0.5573   0.01572  0.002798   0.00633
   154/199     31.9G    0.0107  0.002202  0.003426   0.01633       135       640    0.8217    0.7175    0.7564    0.5514   0.01583  0.002816  0.006369
   155/199     31.9G   0.01001  0.002151  0.003306   0.01547       129       640     0.842    0.6934    0.7455    0.5443   0.01612  0.002923  0.006459
   156/199     31.9G   0.01028  0.002199  0.003336   0.01582       127       640    0.8236    0.7167    0.7537    0.5501   0.01607  0.002864  0.006343
   157/199     31.9G   0.01054  0.002252  0.003432   0.01623       130       640    0.8291    0.7017    0.7483    0.5392   0.01639  0.002912  0.006447
   158/199     31.9G   0.01056  0.002174  0.003502   0.01623       162       640    0.8255    0.7083     0.754    0.5512   0.01592  0.002859  0.006467
   159/199     31.9G   0.01022  0.002228  0.003428   0.01587       163       640    0.8375    0.7006     0.755    0.5487   0.01594  0.002861  0.006323
   160/199     31.9G  0.009999  0.002223  0.003298   0.01552       124       640    0.8183    0.7176    0.7572    0.5554    0.0157  0.002855  0.006202
   161/199     31.9G   0.01012  0.002171  0.003236   0.01552       128       640    0.8309    0.7114    0.7584    0.5554   0.01566  0.002836  0.006198
   162/199     31.9G  0.009926  0.002249  0.003302   0.01548       116       640    0.8137     0.722    0.7564    0.5502   0.01599  0.002869  0.006184
   163/199     31.9G   0.01005  0.002155  0.003276   0.01548       158       640    0.8418    0.6979    0.7504    0.5494   0.01584  0.002893  0.006238
   164/199     31.9G   0.01014  0.002263  0.003366   0.01577       142       640    0.8269     0.707    0.7471    0.5423     0.016  0.002938  0.006224
   165/199     31.9G  0.009743   0.00226  0.003137   0.01514       109       640    0.8079    0.7225    0.7482     0.545   0.01585  0.002928  0.006207
   166/199     31.9G  0.009821   0.00217  0.003141   0.01513       155       640    0.8337    0.7047    0.7531    0.5447   0.01599  0.002892  0.006142
   167/199     31.9G  0.009628  0.002069  0.002995   0.01469       178       640    0.8198    0.7171    0.7539    0.5499   0.01589  0.002898  0.006111
   168/199     31.9G  0.009851  0.002236  0.003243   0.01533       121       640    0.8289    0.7076    0.7556    0.5501   0.01591  0.002874  0.006087
   169/199     31.9G   0.00979  0.002155  0.003173   0.01512       136       640    0.8304    0.7029    0.7519    0.5478     0.016  0.002913  0.006109
   170/199     31.9G   0.01013   0.00231  0.003191   0.01563       122       640     0.835    0.7014    0.7538    0.5493   0.01595  0.002881  0.005985
   171/199     31.9G  0.009673  0.002226  0.003039   0.01494       138       640    0.8219    0.7153     0.757    0.5519   0.01589  0.002857  0.005999
   172/199     31.9G  0.009556  0.002164  0.003098   0.01482       144       640    0.8287    0.7025    0.7502    0.5451   0.01606  0.002923  0.006144
   173/199     31.9G  0.009541   0.00219     0.003   0.01473       138       640    0.8274    0.7031    0.7469    0.5471   0.01604  0.002941   0.00615
   174/199     31.9G  0.009686  0.002144  0.003039   0.01487       133       640    0.8315    0.7026    0.7494    0.5487   0.01592  0.002929  0.006091
   175/199     31.9G  0.009663  0.002194  0.003061   0.01492       152       640    0.8381    0.7008    0.7503    0.5441   0.01608  0.002911  0.006068
   176/199     31.9G  0.009971  0.002186  0.002955   0.01511       158       640    0.8292    0.7076    0.7533    0.5504   0.01593  0.002905  0.005962
   177/199     31.9G  0.009626  0.002145  0.003057   0.01483       167       640    0.8266    0.7109    0.7524    0.5492   0.01587  0.002909  0.005953
   178/199     31.9G  0.009336  0.002131  0.002945   0.01441       159       640    0.8307    0.7015    0.7489    0.5459   0.01602  0.002947  0.006001
   179/199     31.9G  0.009448  0.002171  0.002948   0.01457       122       640    0.7962    0.7294     0.752    0.5491   0.01595   0.00293  0.005982
   180/199     31.9G  0.009352  0.002223  0.002887   0.01446       151       640    0.8163    0.7143    0.7528    0.5508   0.01582  0.002914  0.005984
   181/199     31.9G  0.009254  0.002193  0.002987   0.01443       125       640    0.8294    0.7083    0.7567    0.5536   0.01569  0.002887  0.005929
   182/199     31.9G   0.00966   0.00214  0.002959   0.01476       129       640    0.8296    0.7076    0.7537    0.5479   0.01592  0.002904  0.005863
   183/199     31.9G  0.008951  0.002042  0.002722   0.01371       170       640    0.8274    0.7086    0.7534    0.5503   0.01586  0.002907  0.005888
   184/199     31.9G  0.009301  0.002051  0.002877   0.01423       164       640    0.8394    0.6969     0.751    0.5474   0.01598  0.002928   0.00593
   185/199     31.9G  0.009154  0.002069  0.002727   0.01395       136       640    0.8285    0.7105    0.7539     0.551    0.0158  0.002908  0.005887
   186/199     31.9G  0.009286  0.002208   0.00292   0.01441       133       640     0.812    0.7168    0.7514    0.5508   0.01577  0.002932  0.005936
   187/199     31.9G  0.008911  0.002031  0.002589   0.01353        98       640    0.8344    0.7001    0.7517    0.5479   0.01587  0.002942  0.005889
   188/199     31.9G  0.009225  0.002218  0.002765   0.01421       121       640     0.833    0.7022    0.7513    0.5471   0.01595  0.002958  0.005855
   189/199     31.9G  0.009179  0.002115  0.002623   0.01392       116       640    0.8455    0.6962    0.7519    0.5491   0.01588   0.00295  0.005819
   190/199     31.9G  0.009324  0.002142  0.002752   0.01422       133       640    0.8221    0.7141    0.7544    0.5493   0.01586  0.002928  0.005764
   191/199     31.9G  0.009223  0.002115  0.002658     0.014       157       640    0.8294    0.7089    0.7547     0.552   0.01583  0.002934   0.00576
   192/199     31.9G  0.009078  0.002097  0.002727    0.0139       163       640    0.8334    0.7093    0.7553    0.5517   0.01584   0.00293   0.00573
   193/199     31.9G  0.009193  0.002114   0.00262   0.01393       119       640    0.8297    0.7101     0.754     0.551   0.01582  0.002952   0.00575
   194/199     31.9G  0.009274   0.00219  0.002663   0.01413       155       640    0.8217    0.7164    0.7559    0.5527   0.01578  0.002936  0.005704
   195/199     31.9G  0.009362  0.002198  0.002793   0.01435       105       640    0.8281    0.7164     0.759     0.555   0.01567  0.002911  0.005691
   196/199     31.9G  0.009098  0.002172  0.002582   0.01385        98       640    0.8364    0.7112    0.7605    0.5558   0.01568  0.002907   0.00569
   197/199     31.9G   0.00921  0.002104  0.002667   0.01398       124       640    0.8304    0.7142    0.7591    0.5541    0.0157  0.002916  0.005751
   198/199     31.9G  0.009117  0.002186  0.002548   0.01385       129       640    0.8217      0.72    0.7599    0.5533    0.0158  0.002899  0.005713
   199/199     31.9G  0.009041  0.002019  0.002446   0.01351       152       640    0.8465    0.6994    0.7581    0.5543   0.01583  0.002898  0.005676
