0 0.748 0.9601873536299765 0.064 0.0702576112412178
0 0.078 0.6088992974238876 0.148 0.06557377049180328
0 0.426 0.03864168618266979 0.152 0.06791569086651054
0 0.592 0.03864168618266979 0.148 0.06791569086651054
0 0.759 0.21311475409836064 0.146 0.0702576112412178
0 0.758 0.03278688524590164 0.148 0.05620608899297424
0 0.923 0.03044496487119438 0.146 0.05152224824355972
0 0.08600000000000001 0.23653395784543327 0.148 0.0702576112412178
0 0.254 0.234192037470726 0.148 0.06557377049180328
0 0.426 0.22833723653395785 0.156 0.06791569086651054
0 0.417 0.7822014051522248 0.154 0.06557377049180328
0 0.921 0.20491803278688525 0.15 0.06791569086651054
0 0.077 0.42271662763466045 0.146 0.07259953161592506
0 0.076 0.04449648711943794 0.14400000000000002 0.0702576112412178
0 0.248 0.4168618266978923 0.152 0.0702576112412178
0 0.418 0.48360655737704916 0.148 0.06791569086651054
0 0.588 0.47306791569086654 0.148 0.06557377049180328
0 0.758 0.3992974238875878 0.14400000000000002 0.06791569086651054
0 0.922 0.39227166276346603 0.148 0.06791569086651054
0 0.244 0.6007025761124122 0.16 0.07728337236533958
0 0.421 0.5960187353629977 0.154 0.06791569086651054
0 0.59 0.2189695550351288 0.14400000000000002 0.07259953161592506
0 0.589 0.5901639344262295 0.146 0.06088992974238876
0 0.761 0.5831381733021077 0.15 0.0702576112412178
0 0.926 0.5714285714285714 0.14 0.07494145199063232
0 0.07 0.8021077283372365 0.132 0.07259953161592506
0 0.231 0.7915690866510539 0.15 0.07494145199063232
0 0.589 0.7740046838407494 0.154 0.07259953161592506
0 0.767 0.7646370023419203 0.15 0.07728337236533958
0 0.23700000000000002 0.04449648711943794 0.154 0.06088992974238876
0 0.924 0.7564402810304449 0.14400000000000002 0.0702576112412178
0 0.467 0.9672131147540983 0.11 0.05620608899297424
0 0.618 0.9613583138173302 0.152 0.06791569086651054
0 0.915 0.9707259953161592 0.162 0.04918032786885246
