3 0.77294921875 0.21549479166666666 0.0439453125 0.05598958333333333
3 0.11083984375 0.029947916666666664 0.0458984375 0.0546875
3 0.72119140625 0.634765625 0.0263671875 0.03515625
3 0.5859375 0.11588541666666666 0.099609375 0.05989583333333333
3 0.32275390625 0.330078125 0.0615234375 0.053385416666666664
3 0.1787109375 0.34244791666666663 0.08984375 0.049479166666666664
3 0.1025390625 0.41471354166666663 0.037109375 0.045572916666666664
3 0.39208984375 0.5657552083333333 0.0439453125 0.04296875
3 0.6259765625 0.5735677083333333 0.044921875 0.04296875
3 0.34716796875 0.40690104166666663 0.0322265625 0.04817708333333333
3 0.02490234375 0.32877604166666663 0.0458984375 0.05598958333333333
3 0.220703125 0.5787760416666666 0.0234375 0.016927083333333332
