4 0.64501953125 0.22913616398243047 0.0263671875 0.03953147877013177
4 0.3134765625 0.21961932650073207 0.01953125 0.032210834553440704
4 0.41943359375 0.2042459736456808 0.0166015625 0.024890190336749635
4 0.4853515625 0.017569546120058566 0.025390625 0.029282576866764276
4 0.62353515625 0.16325036603221083 0.0185546875 0.03367496339677892
4 0.73193359375 0.19838945827232796 0.0166015625 0.024890190336749635
4 0.78662109375 0.24670571010248904 0.0166015625 0.024890190336749635
4 0.65966796875 0.1266471449487555 0.0166015625 0.024890190336749635
4 0.79052734375 0.18960468521229867 0.0126953125 0.01903367496339678
4 0.48779296875 0.21449487554904834 0.0126953125 0.01903367496339678
4 0.1396484375 0.18887262079062958 0.013671875 0.014641288433382138
4 0.25732421875 0.11273792093704246 0.0146484375 0.017569546120058566
