3 0.66943359375 0.4036458333333333 0.0263671875 0.046875
3 0.87255859375 0.3446180555555555 0.0263671875 0.046875
3 0.90185546875 0.9401041666666666 0.0244140625 0.043402777777777776
3 0.92431640625 0.8420138888888888 0.0244140625 0.03819444444444444
3 0.06884765625 0.049479166666666664 0.0263671875 0.046875
3 0.5654296875 0.03125 0.021484375 0.048611111111111105
3 0.98974609375 0.3810763888888889 0.0166015625 0.05381944444444444
3 0.67626953125 0.3064236111111111 0.0126953125 0.03298611111111111
3 0.55712890625 0.15451388888888887 0.0458984375 0.08680555555555555
3 0.60498046875 0.3810763888888889 0.0126953125 0.022569444444444444
3 0.56494140625 0.743923611111111 0.0458984375 0.08159722222222222
3 0.60986328125 0.2907986111111111 0.0126953125 0.029513888888888888
3 0.55224609375 0.3576388888888889 0.0126953125 0.027777777777777776
3 0.87744140625 0.17621527777777776 0.0791015625 0.140625
3 0.55712890625 0.2717013888888889 0.0126953125 0.022569444444444444
3 0.44091796875 0.5321180555555556 0.0224609375 0.046875
3 0.44482421875 0.4331597222222222 0.0126953125 0.022569444444444444
3 0.02294921875 0.31684027777777773 0.0263671875 0.046875
3 0.19482421875 0.6059027777777778 0.0283203125 0.04513888888888889
3 0.3271484375 0.02690972222222222 0.0234375 0.043402777777777776
3 0.412109375 0.02517361111111111 0.0234375 0.03993055555555555
3 0.08056640625 0.16232638888888887 0.0458984375 0.08159722222222222
3 0.38916015625 0.3446180555555555 0.0458984375 0.08159722222222222
3 0.3203125 0.5494791666666666 0.05078125 0.0954861111111111
3 0.40576171875 0.6605902777777778 0.0458984375 0.08159722222222222
3 0.97509765625 0.5442708333333333 0.0458984375 0.08159722222222222
3 0.25927734375 0.7560763888888888 0.0556640625 0.08854166666666666
3 0.15185546875 0.3342013888888889 0.0458984375 0.08159722222222222
3 0.21044921875 0.16232638888888887 0.0458984375 0.08159722222222222
3 0.04931640625 0.4487847222222222 0.0263671875 0.046875
3 0.13037109375 0.7734375 0.0263671875 0.046875
3 0.19091796875 0.4956597222222222 0.0263671875 0.046875
3 0.67138671875 0.8550347222222222 0.0458984375 0.08159722222222222
3 0.41796875 0.13975694444444445 0.03125 0.0642361111111111
3 0.3564453125 0.13715277777777776 0.033203125 0.0625
3 0.2587890625 0.3194444444444444 0.03125 0.06944444444444445
3 0.85791015625 0.4991319444444444 0.0458984375 0.08159722222222222
3 0.56396484375 0.47482638888888884 0.0458984375 0.08159722222222222
3 0.67919921875 0.5503472222222222 0.0458984375 0.09375
3 0.84619140625 0.6449652777777778 0.0673828125 0.11284722222222221
3 0.744140625 0.7717013888888888 0.052734375 0.10243055555555555
3 0.61376953125 0.665798611111111 0.0458984375 0.08159722222222222
3 0.92333984375 0.8463541666666666 0.0263671875 0.046875
3 0.68212890625 0.16493055555555555 0.0556640625 0.10763888888888888
3 0.90185546875 0.9435763888888888 0.0263671875 0.046875
3 0.75439453125 0.3272569444444444 0.0263671875 0.046875
3 0.87451171875 0.3394097222222222 0.0263671875 0.046875
3 0.73974609375 0.4348958333333333 0.0263671875 0.046875
