0 0.0625 0.5461876832844574 0.087890625 0.06598240469208211
0 0.13330078125 0.6832844574780058 0.1396484375 0.10557184750733138
0 0.07080078125 0.843108504398827 0.1357421875 0.12903225806451613
0 0.2890625 0.08870967741935484 0.109375 0.1744868035190616
0 0.6220703125 0.658357771260997 0.2109375 0.1348973607038123
0 0.44189453125 0.7697947214076246 0.1650390625 0.12316715542521994
0 0.42236328125 0.25 0.0771484375 0.039589442815249266
0 0.57421875 0.1744868035190616 0.072265625 0.02932551319648094
0 0.2177734375 0.5109970674486803 0.181640625 0.12463343108504399
0 0.13330078125 0.3790322580645161 0.0986328125 0.060117302052785926
