0 0.28728606356968217 0.645748987854251 0.04645476772616137 0.032388663967611336
0 0.33312958435207823 0.6518218623481782 0.035452322738386305 0.024291497975708502
0 0.3863080684596577 0.667004048582996 0.05378973105134474 0.038461538461538464
0 0.43092909535452323 0.6437246963562753 0.023227383863080684 0.024291497975708502
0 0.5519559902200489 0.6406882591093117 0.023227383863080684 0.018218623481781375
0 0.593520782396088 0.6639676113360324 0.05012224938875306 0.03643724696356275
0 0.6540342298288508 0.6548582995951417 0.039119804400977995 0.03036437246963563
0 0.6962102689486552 0.3967611336032389 0.028117359413202935 0.024291497975708502
0 0.6962102689486552 0.6417004048582996 0.028117359413202935 0.02834008097165992
0 0.7640586797066015 0.652834008097166 0.03667481662591687 0.03036437246963563
0 0.7273838630806846 0.6376518218623481 0.02689486552567237 0.024291497975708502
0 0.8416870415647921 0.6467611336032388 0.030562347188264057 0.022267206477732795
0 0.4883863080684597 0.6619433198380567 0.0745721271393643 0.05263157894736842
0 0.15158924205378974 0.6497975708502024 0.039119804400977995 0.02834008097165992
0 0.20171149144254277 0.6406882591093117 0.03178484107579462 0.022267206477732795
0 0.24327628361858192 0.5951417004048583 0.034229828850855744 0.02834008097165992
