0 0.37653846153846154 0.5424430641821947 0.031538461538461536 0.04554865424430642
0 0.6407692307692308 0.6330227743271222 0.05076923076923077 0.07142857142857144
0 0.1580769230769231 0.7831262939958593 0.025384615384615384 0.08178053830227744
0 0.21884615384615386 0.7142857142857143 0.057692307692307696 0.07453416149068323
0 0.8392307692307692 0.5962732919254659 0.06 0.06004140786749483
0 0.8992307692307693 0.26552795031055904 0.04461538461538461 0.06107660455486543
0 0.7834615384615384 0.4089026915113872 0.04384615384615385 0.041407867494824016
0 0.12153846153846154 0.4399585921325052 0.046153846153846156 0.053830227743271224
0 0.49961538461538463 0.6040372670807453 0.06846153846153846 0.06107660455486543
0 0.4819230769230769 0.2194616977225673 0.03461538461538462 0.04554865424430642
0 0.3280769230769231 0.80175983436853 0.06846153846153846 0.040372670807453416
0 0.07884615384615384 0.501552795031056 0.057692307692307696 0.034161490683229816
0 0.43115384615384617 0.8043478260869565 0.03461538461538462 0.09523809523809525
0 0.46076923076923076 0.4265010351966874 0.023076923076923078 0.08488612836438925
0 0.36346153846153845 0.2608695652173913 0.036153846153846154 0.051759834368530024
0 0.20076923076923076 0.510351966873706 0.05692307692307692 0.035196687370600416
