0 0.3883333333333333 0.6177811550151976 0.034444444444444444 0.025835866261398176
0 0.43722222222222223 0.6162613981762918 0.034444444444444444 0.025835866261398176
0 0.4866666666666667 0.6162613981762918 0.03777777777777778 0.025835866261398176
0 0.5338888888888889 0.6177811550151976 0.034444444444444444 0.022796352583586626
0 0.5816666666666667 0.6177811550151976 0.03666666666666667 0.022796352583586626
0 0.63 0.6185410334346505 0.03333333333333333 0.02127659574468085
0 0.37833333333333335 0.8624620060790273 0.05 0.05319148936170213
0 0.4305555555555556 0.8556231003039514 0.034444444444444444 0.0851063829787234
0 0.48333333333333334 0.8655015197568389 0.05333333333333333 0.04711246200607903
0 0.5344444444444444 0.8594224924012158 0.035555555555555556 0.08966565349544073
0 0.59 0.8655015197568389 0.04888888888888889 0.05319148936170213
0 0.6427777777777778 0.8609422492401215 0.03666666666666667 0.09574468085106383
