0 0.5188888888888888 0.6902420574886535 0.06222222222222222 0.03252647503782148
0 0.5883333333333334 0.6845688350983359 0.03888888888888889 0.06505295007564296
0 0.6466666666666666 0.6819213313161876 0.057777777777777775 0.03555219364599092
0 0.7077777777777777 0.67624810892587 0.044444444444444446 0.060514372163388806
0 0.7655555555555555 0.6732223903177005 0.05333333333333333 0.03479576399394856
0 0.8194444444444444 0.6667927382753404 0.04111111111111111 0.06127080181543117
0 0.5094444444444445 0.5117246596066566 0.04555555555555556 0.01588502269288956
0 0.5727777777777778 0.5113464447806354 0.04111111111111111 0.01664145234493192
0 0.6288888888888889 0.5090771558245083 0.03777777777777778 0.018154311649016642
0 0.6838888888888889 0.5086989409984871 0.04111111111111111 0.01739788199697428
0 0.7361111111111112 0.5079425113464447 0.034444444444444444 0.014372163388804841
0 0.7911111111111111 0.5083207261724659 0.04 0.015128593040847202
