0 0.18722222222222223 0.4945054945054945 0.08777777777777777 0.026373626373626374
0 0.31277777777777777 0.4919413919413919 0.08777777777777777 0.024175824175824177
0 0.44166666666666665 0.49304029304029307 0.09222222222222222 0.023443223443223443
0 0.5611111111111111 0.4945054945054945 0.09111111111111111 0.02490842490842491
0 0.6844444444444444 0.49340659340659343 0.08888888888888889 0.027106227106227107
0 0.8088888888888889 0.49340659340659343 0.09111111111111111 0.027106227106227107
0 0.15388888888888888 0.8007326007326008 0.11444444444444445 0.063003663003663
0 0.29833333333333334 0.798901098901099 0.08777777777777777 0.1076923076923077
0 0.42666666666666664 0.8025641025641026 0.12 0.05934065934065934
0 0.5688888888888889 0.7923076923076923 0.09333333333333334 0.10622710622710622
0 0.7027777777777777 0.8018315018315019 0.12111111111111111 0.06227106227106227
0 0.8405555555555555 0.7970695970695971 0.09 0.10402930402930403
