1 0.5195783132530121 0.2692307692307693 0.09036144578313253 0.038461538461538464
1 0.29668674698795183 0.5615384615384615 0.11445783132530121 0.06923076923076923
1 0.11596385542168676 0.7346153846153847 0.20180722891566266 0.10384615384615385
1 0.22816265060240964 0.8105769230769231 0.058734939759036146 0.032692307692307694
1 0.4066265060240964 0.6451923076923077 0.03614457831325302 0.021153846153846155
1 0.8042168674698795 0.7336538461538462 0.15963855421686748 0.07884615384615384
1 0.8140060240963856 0.5807692307692308 0.1430722891566265 0.06923076923076923
1 0.5933734939759037 0.5557692307692308 0.1716867469879518 0.07307692307692308
1 0.5384036144578314 0.19615384615384618 0.058734939759036146 0.03461538461538462
1 0.7274096385542169 0.4567307692307693 0.03614457831325302 0.01730769230769231
1 0.9307228915662651 0.7134615384615385 0.057228915662650606 0.026923076923076925
1 0.38177710843373497 0.7730769230769231 0.03765060240963856 0.026923076923076925
