1 0.5857142857142857 0.47291666666666665 0.17142857142857143 0.07916666666666666
1 0.319047619047619 0.7520833333333333 0.17142857142857143 0.07916666666666666
1 0.6 0.33541666666666664 0.2 0.07916666666666666
1 0.31666666666666665 0.32708333333333334 0.16666666666666666 0.0625
1 0.319047619047619 0.47291666666666665 0.17142857142857143 0.07916666666666666
1 0.3476190476190476 0.8916666666666667 0.23809523809523808 0.075
1 0.319047619047619 0.6125 0.17142857142857143 0.075
1 0.6047619047619047 0.9020833333333333 0.20952380952380953 0.09583333333333334
1 0.6142857142857143 0.7520833333333333 0.22857142857142856 0.07916666666666666
1 0.6452380952380953 0.5958333333333333 0.28095238095238095 0.11666666666666667
