1 0.5088709677419355 0.37402597402597404 0.037096774193548385 0.02077922077922078
1 0.43629032258064515 0.34025974025974026 0.03064516129032258 0.015584415584415584
1 0.3975806451612903 0.2857142857142857 0.024193548387096774 0.015584415584415584
1 0.9056451612903226 0.274025974025974 0.03064516129032258 0.01818181818181818
1 0.3717741935483871 0.5948051948051948 0.1403225806451613 0.06753246753246753
1 0.2879032258064516 0.4948051948051948 0.11129032258064517 0.05454545454545454
1 0.3346774193548387 0.525974025974026 0.03064516129032258 0.01818181818181818
1 0.25967741935483873 0.43766233766233764 0.025806451612903226 0.01818181818181818
1 0.4967741935483871 0.6805194805194805 0.03225806451612903 0.02077922077922078
1 0.7911290322580645 0.5051948051948052 0.056451612903225805 0.033766233766233764
1 0.6209677419354839 0.42727272727272725 0.04516129032258064 0.023376623376623377
