1 0.6670776818742293 0.22614503816793893 0.03945745992601726 0.02862595419847328
1 0.17694204685573367 0.6326335877862596 0.0530209617755857 0.051526717557251904
1 0.43834771886559803 0.6679389312977099 0.0530209617755857 0.026717557251908396
1 0.6609124537607891 0.6173664122137404 0.036991368680641186 0.02862595419847328
1 0.778668310727497 0.58206106870229 0.02096177558569667 0.022900763358778626
1 0.8508014796547473 0.4360687022900763 0.03945745992601726 0.02099236641221374
1 0.1997533908754624 0.5543893129770993 0.14303329223181258 0.15458015267175573
1 0.4284833538840937 0.5639312977099237 0.07521578298397041 0.07442748091603053
1 0.3323057953144266 0.29770992366412213 0.05055487053020962 0.12595419847328243
1 0.5215782983970407 0.49713740458015265 0.05425400739827374 0.051526717557251904
1 0.5443896424167695 0.23664122137404578 0.12453760789149199 0.11450381679389313
1 0.43711467324291 0.22519083969465647 0.04808877928483354 0.026717557251908396
1 0.7712700369913686 0.375 0.16399506781750925 0.13549618320610687
1 0.6337854500616523 0.37595419847328243 0.08384710234278668 0.07633587786259542
