3 0.644 0.8213333333333334 0.136 0.13866666666666666
3 0.713 0.9613333333333333 0.066 0.06133333333333333
3 0.752 0.62 0.136 0.184
3 0.771 0.14266666666666666 0.158 0.19466666666666665
3 0.776 0.39066666666666666 0.148 0.20533333333333334
3 0.877 0.956 0.062 0.07733333333333334
3 0.04 0.9426666666666667 0.07200000000000001 0.07733333333333334
3 0.077 0.144 0.13 0.20266666666666666
3 0.08600000000000001 0.38266666666666665 0.128 0.17333333333333334
3 0.10400000000000001 0.6013333333333333 0.14400000000000002 0.16266666666666665
3 0.115 0.7866666666666666 0.138 0.176
3 0.199 0.9533333333333333 0.08600000000000001 0.06666666666666667
3 0.38 0.9626666666666667 0.064 0.06933333333333333
3 0.542 0.964 0.056 0.04533333333333333
