3 0.315 0.748 0.23 0.12
3 0.40700000000000003 0.252 0.078 0.12533333333333332
3 0.418 0.8866666666666666 0.08 0.09333333333333332
3 0.421 0.5826666666666667 0.07 0.12
3 0.47600000000000003 0.2533333333333333 0.04 0.16533333333333333
3 0.485 0.584 0.03 0.13866666666666666
3 0.147 0.25866666666666666 0.258 0.16533333333333333
3 0.078 0.2573333333333333 0.108 0.152
3 0.169 0.6 0.23800000000000002 0.144
3 0.114 0.6013333333333333 0.1 0.13599999999999998
3 0.199 0.8933333333333333 0.222 0.11733333333333333
3 0.213 0.08399999999999999 0.11800000000000001 0.14666666666666667
3 0.304 0.4333333333333333 0.248 0.15733333333333333
3 0.23800000000000002 0.4333333333333333 0.096 0.13599999999999998
