3 0.6925 0.7755555555555556 0.075 0.10888888888888888
3 0.70875 0.21388888888888888 0.0475 0.08555555555555555
3 0.5543750000000001 0.09222222222222222 0.13875 0.1511111111111111
3 0.5962500000000001 0.27055555555555555 0.0275 0.04555555555555556
3 0.54125 0.27 0.0225 0.03333333333333333
3 0.49125 0.27055555555555555 0.0275 0.03888888888888889
3 0.4425 0.27055555555555555 0.025 0.03222222222222222
3 0.39875 0.27444444444444444 0.03 0.04
3 0.346875 0.27055555555555555 0.02375 0.025555555555555557
3 0.304375 0.27166666666666667 0.02625 0.03
3 0.59375 0.5355555555555556 0.0525 0.051111111111111114
3 0.595625 0.5955555555555555 0.04875 0.05555555555555555
