4 0.46484375 0.5600292825768668 0.03515625 0.04538799414348463
4 0.53125 0.4780380673499268 0.0234375 0.03953147877013177
4 0.69775390625 0.8133235724743778 0.0380859375 0.0424597364568082
4 0.77294921875 0.6120058565153734 0.0166015625 0.020497803806734993
4 0.55615234375 0.6800878477306003 0.0166015625 0.021961932650073207
4 0.33740234375 0.6822840409956077 0.0166015625 0.02342606149341142
4 0.36328125 0.11054172767203514 0.095703125 0.11273792093704246
4 0.25439453125 0.32723279648609077 0.0322265625 0.0424597364568082
4 0.31982421875 0.40043923865300146 0.0322265625 0.0424597364568082
4 0.3935546875 0.3213762811127379 0.033203125 0.0424597364568082
4 0.53466796875 0.32284040995607616 0.0322265625 0.04538799414348463
4 0.4638671875 0.40043923865300146 0.033203125 0.048316251830161056
4 0.677734375 0.3235724743777453 0.03125 0.04685212298682284
4 0.6083984375 0.3989751098096633 0.029296875 0.0424597364568082
