4 0.369140625 0.4546899841017488 0.0390625 0.06041335453100159
4 0.29345703125 0.13751987281399047 0.0439453125 0.05246422893481718
4 0.5166015625 0.055643879173290944 0.037109375 0.04769475357710652
4 0.64892578125 0.05961844197138315 0.0361328125 0.0492845786963434
4 0.54150390625 0.6399046104928459 0.0615234375 0.10015898251192369
4 0.84716796875 0.3497615262321145 0.0361328125 0.04769475357710652
4 0.78271484375 0.25198728139904614 0.0302734375 0.0492845786963434
4 0.05712890625 0.23131955484896663 0.0478515625 0.06200317965023848
4 0.14111328125 0.12877583465818762 0.0517578125 0.06359300476947537
4 0.14013671875 0.3441971383147854 0.0400390625 0.05246422893481718
4 0.05712890625 0.6915739268680445 0.0439453125 0.06359300476947537
4 0.05810546875 0.4634340222575517 0.0478515625 0.06200317965023848
4 0.14111328125 0.5715421303656598 0.0439453125 0.05246422893481718
4 0.65185546875 0.2496025437201908 0.0400390625 0.06041335453100159
4 0.36865234375 0.24483306836248014 0.0380859375 0.057233704292527825
4 0.51806640625 0.25039745627980925 0.0439453125 0.05246422893481718
4 0.65771484375 0.4483306836248013 0.0380859375 0.05405405405405406
4 0.90771484375 0.4475357710651829 0.0302734375 0.05246422893481718
4 0.96826171875 0.5381558028616853 0.0322265625 0.05246422893481718
4 0.95751953125 0.1645468998410175 0.0322265625 0.055643879173290944
4 0.89794921875 0.075516693163752 0.0341796875 0.055643879173290944
