3 0.7877777777777778 0.4637096774193548 0.08888888888888889 0.1338709677419355
3 0.7761111111111111 0.8508064516129032 0.09 0.14677419354838708
3 0.05444444444444444 0.8516129032258064 0.08222222222222222 0.13870967741935483
3 0.1988888888888889 0.8475806451612903 0.08888888888888889 0.1338709677419355
3 0.3622222222222222 0.8516129032258064 0.09111111111111111 0.14516129032258066
3 0.4938888888888889 0.8508064516129032 0.08777777777777777 0.1435483870967742
3 0.6366666666666667 0.8459677419354839 0.09111111111111111 0.13709677419354838
3 0.9194444444444444 0.07741935483870968 0.09 0.13225806451612904
3 0.9366666666666666 0.8516129032258064 0.08666666666666667 0.14193548387096774
3 0.2777777777777778 0.13790322580645162 0.022222222222222223 0.0467741935483871
3 0.635 0.0814516129032258 0.09 0.12419354838709677
3 0.29777777777777775 0.14112903225806453 0.013333333333333332 0.043548387096774194
3 0.13777777777777778 0.507258064516129 0.02 0.0467741935483871
3 0.5588888888888889 0.1314516129032258 0.015555555555555555 0.0467741935483871
3 0.935 0.4629032258064516 0.08777777777777777 0.13870967741935483
3 0.7844444444444444 0.0846774193548387 0.09333333333333334 0.1403225806451613
3 0.21222222222222223 0.4588709677419355 0.08666666666666667 0.11774193548387096
3 0.47944444444444445 0.08387096774193549 0.09 0.13225806451612904
3 0.35444444444444445 0.0814516129032258 0.09111111111111111 0.13064516129032258
3 0.20666666666666667 0.08306451612903226 0.08222222222222222 0.1338709677419355
3 0.07333333333333333 0.08306451612903226 0.08888888888888889 0.1338709677419355
3 0.06333333333333334 0.4564516129032258 0.08888888888888889 0.13225806451612904
3 0.3622222222222222 0.4661290322580645 0.08888888888888889 0.13548387096774195
3 0.6416666666666667 0.4620967741935484 0.08555555555555555 0.1403225806451613
