3 0.7744140625 0.9053819444444444 0.091796875 0.13368055555555555
3 0.38818359375 0.30902777777777773 0.0810546875 0.09027777777777778
3 0.64892578125 0.9123263888888888 0.0927734375 0.13368055555555555
3 0.51220703125 0.923611111111111 0.0927734375 0.14583333333333331
3 0.15478515625 0.9279513888888888 0.1357421875 0.13020833333333331
3 0.138671875 0.5477430555555556 0.115234375 0.13020833333333331
3 0.28662109375 0.5512152777777778 0.1083984375 0.11979166666666666
3 0.4443359375 0.5668402777777778 0.087890625 0.11284722222222221
3 0.56201171875 0.5746527777777778 0.0888671875 0.1111111111111111
3 0.67626953125 0.5824652777777778 0.0849609375 0.10590277777777778
3 0.443359375 0.1310763888888889 0.064453125 0.06770833333333333
3 0.12646484375 0.2612847222222222 0.0927734375 0.09895833333333333
3 0.25634765625 0.2829861111111111 0.0869140625 0.08680555555555555
3 0.9736328125 0.8836805555555555 0.05078125 0.11805555555555555
3 0.494140625 0.3203125 0.07421875 0.08854166666666666
3 0.6005859375 0.3454861111111111 0.06640625 0.0798611111111111
3 0.69384765625 0.3532986111111111 0.0615234375 0.08159722222222222
3 0.78564453125 0.37760416666666663 0.0556640625 0.078125
3 0.10986328125 0.04774305555555555 0.0810546875 0.08506944444444443
3 0.2333984375 0.07291666666666666 0.080078125 0.08333333333333333
3 0.349609375 0.10850694444444443 0.0625 0.08506944444444443
3 0.33740234375 0.921875 0.1201171875 0.14583333333333331
3 0.54248046875 0.15277777777777776 0.0556640625 0.0625
3 0.62939453125 0.17447916666666666 0.0458984375 0.0642361111111111
3 0.95947265625 0.6067708333333333 0.0576171875 0.0954861111111111
3 0.86279296875 0.3975694444444444 0.0439453125 0.07638888888888888
3 0.876953125 0.6041666666666666 0.0625 0.09722222222222221
3 0.89111328125 0.9019097222222222 0.0830078125 0.1267361111111111
3 0.779296875 0.5998263888888888 0.0703125 0.0954861111111111
