3 0.3609022556390977 0.7592592592592593 0.12030075187969924 0.32275132275132273
3 0.5883458646616542 0.7645502645502645 0.11654135338345864 0.32275132275132273
3 0.48120300751879697 0.7645502645502645 0.11278195488721804 0.31216931216931215
3 0.4041353383458647 0.1455026455026455 0.11654135338345864 0.291005291005291
3 0.7030075187969925 0.7619047619047619 0.11278195488721804 0.31746031746031744
3 0.8139097744360902 0.753968253968254 0.10902255639097744 0.32275132275132273
3 0.9304511278195489 0.7645502645502645 0.11654135338345864 0.32275132275132273
3 0.6409774436090225 0.14814814814814814 0.12406015037593984 0.2962962962962963
3 0.7575187969924813 0.14285714285714285 0.11654135338345864 0.2857142857142857
3 0.5225563909774437 0.14814814814814814 0.12030075187969924 0.2962962962962963
