3 0.1918238993710692 0.6949685534591195 0.06918238993710692 0.14465408805031446
3 0.1949685534591195 0.24842767295597484 0.06918238993710692 0.15723270440251572
3 0.7515723270440252 0.2358490566037736 0.06918238993710692 0.14465408805031446
3 0.8820754716981132 0.4748427672955975 0.07232704402515723 0.16981132075471697
3 0.3238993710691824 0.46855345911949686 0.06918238993710692 0.14465408805031446
3 0.3270440251572327 0.05660377358490566 0.06918238993710692 0.11320754716981132
3 0.06289308176100629 0.46226415094339623 0.06918238993710692 0.1320754716981132
3 0.0660377358490566 0.04716981132075472 0.07547169811320754 0.09433962264150944
3 0.6226415094339622 0.050314465408805034 0.06918238993710692 0.10062893081761007
3 0.8820754716981132 0.050314465408805034 0.07232704402515723 0.10062893081761007
