1 0.1700507614213198 0.056640625 0.26903553299492383 0.07421875
1 0.1802030456852792 0.685546875 0.27918781725888325 0.10546875
1 0.6472081218274112 0.072265625 0.3299492385786802 0.10546875
1 0.6243654822335025 0.27734375 0.28426395939086296 0.109375
1 0.6725888324873096 0.681640625 0.38071065989847713 0.10546875
1 0.17766497461928935 0.48046875 0.28426395939086296 0.109375
1 0.1751269035532995 0.275390625 0.27918781725888325 0.10546875
1 0.6573604060913706 0.904296875 0.3401015228426396 0.12890625
1 0.2233502538071066 0.892578125 0.3756345177664975 0.10546875
1 0.7157360406091371 0.458984375 0.4873096446700508 0.16796875
