1 0.6081081081081081 0.27319587628865977 0.1969111969111969 0.1134020618556701
1 0.31467181467181465 0.8865979381443299 0.28957528957528955 0.13402061855670103
1 0.6351351351351351 0.9020618556701031 0.26640926640926643 0.14432989690721648
1 0.2702702702702703 0.05412371134020619 0.18532818532818532 0.07731958762886598
1 0.6216216216216216 0.06958762886597938 0.23938223938223938 0.11855670103092783
1 0.28185328185328185 0.6778350515463918 0.21621621621621623 0.13917525773195877
1 0.277992277992278 0.2706185567010309 0.20077220077220076 0.0979381443298969
1 0.277992277992278 0.47680412371134023 0.19305019305019305 0.0979381443298969
1 0.6428571428571429 0.6855670103092784 0.28185328185328185 0.12371134020618557
1 0.6776061776061776 0.45618556701030927 0.3590733590733591 0.17010309278350516
