3 0.15917602996254682 0.13756613756613756 0.11610486891385768 0.1693121693121693
3 0.3389513108614232 0.35978835978835977 0.11610486891385768 0.1693121693121693
3 0.5280898876404494 0.582010582010582 0.11235955056179775 0.1693121693121693
3 0.3389513108614232 0.13756613756613756 0.12359550561797752 0.1693121693121693
3 0.15917602996254682 0.3783068783068783 0.11610486891385768 0.1746031746031746
3 0.15917602996254682 0.5978835978835979 0.11610486891385768 0.1693121693121693
3 0.3408239700374532 0.5952380952380952 0.11235955056179775 0.1746031746031746
3 0.15917602996254682 0.8201058201058201 0.11610486891385768 0.1693121693121693
3 0.5262172284644194 0.8148148148148148 0.11610486891385768 0.1693121693121693
3 0.5262172284644194 0.35978835978835977 0.11610486891385768 0.1693121693121693
