     0/199     31.2G   0.05891   0.00881   0.01754   0.08526        62       640 0.0006282   0.01555 6.348e-05 1.361e-05   0.05475  0.006842   0.01729
     1/199     31.6G   0.04742  0.008973   0.01682   0.07321        63       640   0.03872   0.09922   0.01319  0.005227   0.04253  0.006586   0.01624
     2/199     31.6G   0.03534  0.008853   0.01585   0.06004        62       640    0.2743    0.1693    0.1455   0.07792   0.02853  0.006242   0.01518
     3/199     31.6G     0.028  0.008147   0.01471   0.05086        79       640    0.4357    0.2926    0.2991    0.1741   0.02369  0.005416   0.01328
     4/199     31.6G   0.02599  0.007186   0.01223   0.04541        56       640    0.5919    0.4603    0.4954    0.2455   0.02301  0.004619  0.008608
     5/199     31.6G   0.02554  0.006295  0.008455   0.04029        99       640    0.7711     0.519    0.6496    0.3599   0.02171  0.003931  0.004988
     6/199     31.6G   0.02546  0.005475  0.006135   0.03707       148       640    0.7656    0.6177    0.7117    0.3113   0.02414  0.003535  0.004179
     7/199     31.6G   0.02615  0.005336  0.005484   0.03697        72       640    0.6989    0.6781    0.7095    0.3754   0.02147  0.003259  0.003466
     8/199     31.6G   0.02421  0.004888  0.004502    0.0336        94       640    0.7503    0.7471    0.7834    0.4398   0.01854  0.002932  0.002808
     9/199     31.6G   0.02232  0.004503  0.003748   0.03057        60       640    0.7895    0.7572    0.7986    0.4882   0.01767  0.002713  0.002383
    10/199     31.6G   0.02115  0.004323  0.003326    0.0288        70       640    0.7556    0.8174     0.825    0.4971   0.01783  0.002557  0.002099
    11/199     31.6G   0.02044  0.004174  0.003046   0.02766        62       640    0.7997    0.8036    0.8381    0.4925   0.01775  0.002459  0.001935
    12/199     31.6G   0.01962  0.003987  0.002781   0.02639        59       640    0.7792    0.8287    0.8411    0.5204   0.01664  0.002322  0.001765
    13/199     31.6G   0.01895  0.003952  0.002546   0.02545        84       640    0.7863    0.8078    0.8363    0.5314   0.01693  0.002288  0.001658
    14/199     31.6G    0.0187  0.003898  0.002455   0.02506        81       640    0.8079    0.8061    0.8365    0.5225   0.01696  0.002288  0.001637
    15/199     31.6G   0.01818  0.003844  0.002314   0.02434        82       640    0.8258    0.8107    0.8509    0.5516   0.01617  0.002239  0.001693
    16/199     31.6G   0.01796   0.00373  0.002229   0.02392        71       640    0.7994    0.8389    0.8562    0.5601   0.01582  0.002244  0.001505
    17/199     31.6G   0.01772  0.003717  0.002118   0.02355        71       640    0.8306    0.8031    0.8542    0.5709   0.01521  0.002179  0.001366
    18/199     31.6G   0.01729  0.003632  0.001951   0.02287        62       640    0.8102     0.788    0.8444    0.5386   0.01644  0.002208  0.001294
    19/199     31.6G   0.01704  0.003598   0.00195   0.02259        49       640     0.885    0.7728    0.8587    0.5693   0.01562   0.00213   0.00142
    20/199     31.6G   0.01705  0.003527  0.001889   0.02247        73       640    0.8573    0.7916    0.8604    0.5696   0.01549  0.002116  0.001326
    21/199     31.6G   0.01658  0.003552  0.001848   0.02198        59       640    0.8033    0.7934    0.8482    0.5621   0.01613  0.002157  0.001241
    22/199     31.6G   0.01658  0.003612  0.001764   0.02195        76       640    0.7743    0.8353    0.8509    0.5598   0.01575  0.002133  0.001189
    23/199     31.6G   0.01634  0.003471  0.001712   0.02153        82       640    0.8472    0.8077    0.8654    0.5831   0.01524  0.002046  0.001104
    24/199     31.6G   0.01624  0.003452  0.001647   0.02134        74       640    0.8274    0.8167    0.8608    0.5795    0.0156  0.002073  0.001154
    25/199     31.6G   0.01618  0.003423  0.001687   0.02129        74       640    0.8044    0.8547    0.8732    0.5878   0.01557  0.002063  0.001061
    26/199     31.6G   0.01592  0.003494   0.00157   0.02098        84       640    0.7826    0.8125    0.8395    0.5471   0.01584  0.002101   0.00104
    27/199     31.6G   0.01569  0.003381  0.001629    0.0207        66       640    0.8394    0.8069    0.8687    0.5872   0.01531  0.002046 0.0009869
    28/199     31.6G   0.01588   0.00342   0.00168   0.02098       103       640    0.8501    0.7819    0.8663    0.5872   0.01531  0.002064  0.001024
    29/199     31.6G   0.01549   0.00335  0.001587   0.02043        68       640    0.8141    0.8021    0.8448    0.5705   0.01512  0.002099  0.001073
    30/199     31.6G   0.01529  0.003312  0.001518   0.02013        69       640    0.7822    0.8592    0.8575    0.5678   0.01526  0.002026 0.0009496
    31/199     31.6G   0.01518  0.003349   0.00145   0.01997        68       640    0.7861    0.8385    0.8624    0.5801   0.01475  0.002063 0.0009762
    32/199     31.6G   0.01493  0.003304  0.001443   0.01967        85       640    0.8346    0.8117    0.8651    0.5834   0.01517  0.002065 0.0009269
    33/199     31.6G   0.01497  0.003321  0.001451   0.01974        94       640    0.8608    0.8012    0.8706    0.5795   0.01557  0.002048 0.0009344
    34/199     31.6G   0.01492  0.003288  0.001361   0.01957       106       640    0.8019    0.8381    0.8632    0.5833   0.01513   0.00207 0.0009511
    35/199     31.6G   0.01489  0.003325  0.001368   0.01959        97       640     0.809    0.8425    0.8637    0.5868   0.01498  0.002043 0.0008992
    36/199     31.6G    0.0147  0.003231  0.001373    0.0193        86       640    0.8475    0.7953    0.8592    0.5855   0.01511  0.002091    0.0009
    37/199     31.6G   0.01453  0.003126  0.001326   0.01898        65       640    0.8492    0.7991    0.8593    0.5809   0.01511  0.002064 0.0008988
    38/199     31.6G   0.01453  0.003202  0.001327   0.01906       109       640     0.846    0.8303    0.8796    0.5968   0.01486   0.00199 0.0008987
    39/199     31.6G   0.01438  0.003172  0.001343   0.01889       110       640    0.8331    0.8079    0.8656    0.5881   0.01496  0.002052 0.0008029
    40/199     31.6G   0.01435  0.003137   0.00135   0.01884        68       640    0.8453    0.8073    0.8704    0.5992   0.01468  0.002011 0.0008376
    41/199     31.6G   0.01424    0.0031  0.001277   0.01862        65       640    0.8568    0.7977    0.8672    0.5932   0.01482  0.002038 0.0008193
    42/199     31.6G   0.01408  0.003083  0.001255   0.01842        63       640    0.8569    0.8041    0.8646    0.5934   0.01518  0.002021 0.0007729
    43/199     31.6G   0.01398  0.003087  0.001211   0.01828        69       640    0.8242    0.8376    0.8674    0.5906   0.01503  0.002051 0.0007905
    44/199     31.6G    0.0139   0.00304  0.001207   0.01815       106       640    0.8469    0.8045    0.8628    0.5853   0.01522  0.002079  0.000792
    45/199     31.6G   0.01366  0.003025  0.001136   0.01782        87       640    0.8284    0.8227    0.8608    0.5926   0.01479  0.002045 0.0007778
    46/199     31.6G   0.01374  0.003058  0.001154   0.01795       104       640    0.8718    0.7963    0.8644    0.5942   0.01464  0.002008 0.0007469
    47/199     31.6G   0.01377  0.003096  0.001154   0.01802        79       640    0.8264    0.8304    0.8664    0.5965   0.01486  0.001992 0.0007155
    48/199     31.6G   0.01371   0.00299  0.001142   0.01784        83       640    0.8751    0.7907    0.8691     0.597   0.01505  0.001991 0.0006918
    49/199     31.6G    0.0137  0.003028  0.001179    0.0179        72       640    0.8661     0.805    0.8755    0.6096   0.01456  0.002001 0.0007141
    50/199     31.6G   0.01357  0.003004  0.001099   0.01767        82       640    0.8805    0.7962      0.87    0.5954   0.01498  0.001992  0.000684
    51/199     31.6G   0.01351  0.002932  0.001114   0.01756        91       640    0.8648     0.819    0.8779    0.5982   0.01485  0.001991 0.0006972
    52/199     31.6G   0.01328  0.002935  0.001105   0.01732        81       640    0.8584    0.8276    0.8811     0.606   0.01445  0.001964 0.0006832
    53/199     31.6G   0.01327  0.002939   0.00108   0.01729        69       640    0.8181    0.8404    0.8726    0.6052   0.01454  0.002008 0.0006638
    54/199     31.6G   0.01325  0.003016  0.001019   0.01728        82       640    0.8634    0.7968    0.8726    0.6008   0.01473  0.002024 0.0007264
    55/199     31.6G   0.01321  0.002903  0.001074   0.01719        61       640    0.8511    0.8234    0.8733    0.6018   0.01467  0.001973 0.0006549
    56/199     31.6G   0.01321  0.002875  0.001052   0.01714        58       640    0.8435    0.8336    0.8701    0.6042   0.01451  0.002015 0.0006855
    57/199     31.6G    0.0131   0.00287  0.001043   0.01701        58       640    0.8218    0.8381    0.8677    0.5959   0.01468  0.001996 0.0007089
    58/199     31.6G    0.0128   0.00294   0.00103   0.01677        68       640    0.8193    0.8534    0.8589    0.5878   0.01476  0.002007 0.0006709
    59/199     31.6G    0.0128  0.002923  0.001002   0.01672        89       640    0.8339    0.8106    0.8541    0.5887    0.0147  0.002043 0.0007054
    60/199     31.6G   0.01276  0.002855 0.0009757   0.01659        82       640    0.8676    0.8258    0.8743    0.6014   0.01451  0.001995 0.0006358
    61/199     31.6G   0.01292  0.002868 0.0009926   0.01678        78       640    0.8762    0.8007    0.8648    0.6037   0.01448  0.002031 0.0006607
    62/199     31.6G    0.0129  0.002991   0.00106   0.01695        81       640    0.8468    0.8229    0.8631    0.5985   0.01445   0.00205 0.0006446
    63/199     31.6G   0.01271  0.002876   0.00104   0.01663        64       640    0.8752    0.8009      0.87    0.5924   0.01502  0.002028 0.0006294
    64/199     31.6G   0.01253  0.002833  0.001007   0.01637       116       640    0.8328    0.8086    0.8617    0.5934    0.0148   0.00208  0.000649
    65/199     31.6G    0.0128  0.002819 0.0009479   0.01656        87       640    0.8231    0.8347    0.8623    0.5947    0.0146  0.002046 0.0006203
    66/199     31.6G   0.01253  0.002786   0.00101   0.01632        70       640    0.8653    0.8143    0.8702    0.6017   0.01466  0.002027 0.0006371
    67/199     31.6G   0.01258  0.002829  0.000979   0.01639        90       640    0.8396    0.8093    0.8549    0.5897   0.01468  0.002075  0.000639
    68/199     31.6G   0.01244  0.002821 0.0009842   0.01624        88       640    0.8536    0.8137    0.8651    0.5967   0.01463  0.002027  0.000639
    69/199     31.6G   0.01244  0.002815 0.0009114   0.01617        87       640    0.8803    0.7942    0.8698    0.6087   0.01436  0.002008  0.000641
    70/199     31.6G   0.01236  0.002879  0.000956    0.0162        74       640    0.8464    0.8319    0.8732    0.6071   0.01439  0.001999 0.0005839
    71/199     31.6G   0.01242    0.0028  0.000955   0.01618        91       640    0.8709     0.806    0.8693    0.5972   0.01448  0.002033 0.0005723
    72/199     31.6G   0.01237  0.002861 0.0009262   0.01616        74       640    0.8677    0.8148    0.8704    0.6085   0.01443  0.002034 0.0005706
    73/199     31.6G   0.01215  0.002797 0.0009165   0.01587        80       640     0.836    0.8384    0.8724    0.6066   0.01437  0.002006 0.0005603
    74/199     31.6G   0.01209  0.002747 0.0008811   0.01571        86       640    0.8753    0.8128    0.8748    0.6089   0.01436  0.001998 0.0005243
    75/199     31.6G   0.01209  0.002781  0.000948   0.01582        88       640    0.8539    0.8229    0.8703    0.6046   0.01436  0.001996 0.0005618
    76/199     31.6G   0.01225  0.002815 0.0009285   0.01599        75       640    0.8668    0.7945    0.8628    0.6058   0.01436  0.002046 0.0006103
    77/199     31.6G   0.01201  0.002774 0.0008776   0.01566        78       640     0.851    0.8171    0.8652    0.6048   0.01449   0.00206  0.000549
    78/199     31.6G   0.01196  0.002692  0.000872   0.01552        68       640     0.833    0.8446    0.8695    0.6127   0.01427  0.002038 0.0005808
    79/199     31.6G   0.01199  0.002756 0.0008921   0.01564        87       640    0.8612    0.8247     0.868    0.6064    0.0144   0.00204 0.0005992
    80/199     31.6G   0.01177  0.002694 0.0008414   0.01531        97       640    0.8951    0.7846    0.8713    0.6139   0.01426  0.002048 0.0005527
    81/199     31.6G     0.012  0.002725 0.0008505   0.01557        96       640    0.8583    0.8069    0.8652    0.6045   0.01442  0.002051  0.000561
    82/199     31.6G   0.01194  0.002696 0.0008591   0.01549        80       640    0.8621    0.7979    0.8648    0.5947   0.01457  0.002121  0.000576
    83/199     31.6G   0.01167  0.002682 0.0008364   0.01519        84       640    0.8609     0.806    0.8643    0.6029   0.01449  0.002061 0.0005273
    84/199     31.6G   0.01179  0.002695 0.0008286   0.01532        68       640    0.8475    0.8228     0.855     0.592   0.01455  0.002116 0.0005613
    85/199     31.6G   0.01154  0.002675  0.000801   0.01502        68       640    0.8525    0.8071    0.8558    0.5928   0.01469  0.002124 0.0005557
    86/199     31.6G   0.01166  0.002686  0.000845    0.0152        63       640     0.832     0.833    0.8616    0.6023   0.01429  0.002083 0.0005654
    87/199     31.6G   0.01171  0.002673 0.0008397   0.01522        67       640    0.8481    0.8272    0.8635    0.5985   0.01453  0.002068 0.0005065
    88/199     31.6G   0.01163  0.002696 0.0008445   0.01517        91       640    0.8659    0.8084    0.8655    0.6008   0.01431  0.002065 0.0005251
    89/199     31.6G   0.01149  0.002637 0.0008684   0.01499        80       640    0.8743    0.8055    0.8672    0.6031   0.01439  0.002096 0.0005154
    90/199     31.6G   0.01145  0.002637 0.0007981   0.01489        97       640    0.8603    0.8152    0.8632    0.6013   0.01428  0.002127 0.0005257
    91/199     31.6G   0.01126  0.002665 0.0008141   0.01474        51       640      0.84    0.8355    0.8656    0.6019   0.01433  0.002111 0.0005343
    92/199     31.6G    0.0115   0.00265 0.0007974   0.01494        96       640    0.8494     0.823    0.8642    0.6001   0.01446  0.002108 0.0005274
    93/199     31.6G   0.01131  0.002647  0.000779   0.01474        78       640    0.8914    0.7783    0.8602    0.5979   0.01445  0.002138 0.0005024
    94/199     31.6G   0.01115  0.002622 0.0007342   0.01451        69       640    0.8335    0.8233    0.8569    0.5957   0.01453   0.00211  0.000533
    95/199     31.6G   0.01108  0.002575  0.000755   0.01441        80       640    0.8635    0.7961    0.8637    0.5999   0.01437  0.002116 0.0005029
    96/199     31.6G   0.01115  0.002567 0.0007599   0.01448        90       640    0.8615    0.7966    0.8626    0.6043   0.01415   0.00214 0.0004942
    97/199     31.6G   0.01105  0.002513 0.0007686   0.01433        71       640     0.844    0.8202    0.8607    0.6032   0.01441  0.002124 0.0004724
    98/199     31.6G   0.01101  0.002548 0.0007697   0.01433        72       640    0.8345    0.8305    0.8659    0.6002   0.01448  0.002122 0.0004509
    99/199     31.6G   0.01107  0.002541 0.0007923   0.01441        82       640    0.8371    0.8289    0.8634    0.5981    0.0145  0.002154 0.0004808
   100/199     31.6G   0.01105  0.002503 0.0007312   0.01429        81       640    0.8531    0.8299    0.8676    0.6061    0.0144  0.002115 0.0005012
   101/199     31.6G   0.01095  0.002549 0.0007284   0.01423        82       640    0.8536     0.828    0.8677    0.6079   0.01438  0.002122 0.0005205
   102/199     31.6G   0.01093  0.002492 0.0007375   0.01416       112       640    0.8376      0.83    0.8649    0.6056    0.0143   0.00215 0.0004818
   103/199     31.6G   0.01083  0.002532 0.0007539   0.01412        73       640    0.8504    0.8129    0.8621    0.6062   0.01441   0.00213 0.0004578
   104/199     31.6G   0.01079  0.002515  0.000752   0.01406        67       640    0.8339    0.8303     0.863    0.6078   0.01443  0.002134 0.0004552
   105/199     31.6G   0.01083   0.00252 0.0007293   0.01408        85       640    0.8513    0.8107    0.8615    0.6086   0.01432  0.002138 0.0004544
   106/199     31.6G   0.01091  0.002517 0.0007763   0.01421        74       640     0.835    0.8325    0.8613     0.602   0.01448  0.002159 0.0004838
   107/199     31.6G    0.0107  0.002527 0.0007076   0.01393        82       640    0.8315    0.8372    0.8645    0.6025   0.01433  0.002139 0.0004502
   108/199     31.6G   0.01085   0.00249 0.0006827   0.01402        70       640    0.8739    0.8026    0.8579    0.5974    0.0144  0.002172 0.0004699
   109/199     31.6G   0.01062  0.002463 0.0007065   0.01379        62       640    0.8427    0.8232    0.8575    0.6001   0.01449  0.002209 0.0004892
   110/199     31.6G   0.01058  0.002458 0.0007289   0.01376        66       640    0.8589     0.816    0.8627    0.6046   0.01438  0.002181  0.000492
   111/199     31.6G   0.01056  0.002502 0.0007019   0.01376        64       640    0.8557     0.823     0.868    0.6123   0.01416  0.002135 0.0004737
   112/199     31.6G   0.01056  0.002489 0.0007055   0.01376        81       640    0.8668    0.8127    0.8684    0.6116   0.01418  0.002131 0.0004719
   113/199     31.6G   0.01047  0.002475 0.0006655   0.01361        97       640    0.8556    0.8288    0.8693    0.6088   0.01429  0.002129 0.0004877
   114/199     31.6G   0.01045  0.002474 0.0006799    0.0136        73       640    0.8604    0.8159    0.8666    0.6088   0.01427  0.002133 0.0004806
   115/199     31.6G   0.01037  0.002418 0.0006636   0.01346        90       640    0.8691    0.8066    0.8608    0.6026   0.01439  0.002154 0.0004751
   116/199     31.6G   0.01058  0.002481 0.0007162   0.01378        63       640    0.8775    0.7888    0.8564     0.599   0.01445  0.002172 0.0004863
   117/199     31.6G   0.01036   0.00244 0.0007262   0.01353        72       640    0.8585    0.8059    0.8615    0.6003   0.01453  0.002175 0.0004929
   118/199     31.6G   0.01009  0.002379  0.000599   0.01306        79       640      0.87    0.7943    0.8594    0.5961   0.01459  0.002175 0.0004802
   119/199     31.6G    0.0103  0.002444  0.000667   0.01341        91       640    0.8842    0.7869    0.8625    0.6003   0.01452  0.002176  0.000477
   120/199     31.6G   0.01014  0.002418 0.0006604   0.01322        77       640    0.8742    0.7961    0.8606    0.5958   0.01464  0.002195 0.0004613
   121/199     31.6G    0.0101  0.002371 0.0006446   0.01311        80       640    0.8705    0.7951     0.862    0.5991   0.01462  0.002199 0.0004659
   122/199     31.6G  0.009985  0.002365 0.0005978   0.01295        78       640    0.8597    0.8033    0.8652     0.604   0.01449  0.002201  0.000454
   123/199     31.6G   0.01016  0.002382 0.0006128   0.01315        59       640    0.8855    0.7898    0.8669    0.6043   0.01448  0.002184 0.0004401
   124/199     31.6G   0.01004  0.002361 0.0006452   0.01305        66       640    0.8969     0.777    0.8664    0.6044   0.01449  0.002187 0.0004344
   125/199     31.6G  0.009969  0.002373 0.0005813   0.01292        84       640    0.8675    0.7958    0.8614    0.6028   0.01446  0.002216 0.0004435
   126/199     31.6G  0.009954    0.0024 0.0006227   0.01298        83       640    0.8568    0.8078    0.8613    0.6014   0.01439   0.00223 0.0004369
   127/199     31.6G    0.0101  0.002398 0.0006482   0.01314        70       640    0.8897    0.7827    0.8637    0.6011   0.01439  0.002221 0.0004296
   128/199     31.6G   0.01002  0.002363 0.0006246     0.013        84       640    0.8853     0.788    0.8619    0.5987   0.01442  0.002226 0.0004265
   129/199     31.6G   0.01006  0.002383 0.0006583    0.0131        60       640    0.8926    0.7882    0.8639    0.6004   0.01445  0.002219 0.0004118
   130/199     31.6G  0.009959  0.002354 0.0006043   0.01292        71       640    0.8621    0.8097    0.8638    0.5994   0.01446  0.002218  0.000419
   131/199     31.6G  0.009947  0.002342 0.0006359   0.01293        80       640    0.8755    0.7989    0.8605    0.5995   0.01445  0.002227 0.0004234
   132/199     31.6G  0.009908  0.002315 0.0005767    0.0128        84       640    0.8534    0.8108    0.8551     0.599   0.01443   0.00226 0.0004301
   133/199     31.6G   0.00985  0.002352 0.0006518   0.01285        62       640    0.8516    0.8161    0.8554    0.6003   0.01448  0.002262 0.0004468
   134/199     31.6G  0.009782  0.002331 0.0006273   0.01274        71       640    0.8705    0.8001    0.8583    0.6012   0.01453  0.002234 0.0004474
   135/199     31.6G  0.009706  0.002239 0.0005249   0.01247        39       640     0.869    0.8029    0.8577    0.6039   0.01447  0.002229 0.0004468
   136/199     31.6G  0.009789  0.002295 0.0005819   0.01267        74       640    0.8693    0.8049    0.8558    0.6008   0.01456  0.002236 0.0004496
   137/199     31.6G  0.009785  0.002335 0.0005596   0.01268        98       640    0.8675    0.8035    0.8587    0.6032   0.01447  0.002229 0.0004428
   138/199     31.6G  0.009697  0.002282 0.0005873   0.01257        66       640    0.8583    0.8117    0.8595    0.6012   0.01451  0.002252 0.0004175
   139/199     31.6G  0.009538  0.002256 0.0005466   0.01234        60       640    0.8778    0.7976    0.8574    0.5995   0.01451  0.002248 0.0004081
   140/199     31.6G  0.009676  0.002274 0.0006037   0.01255        85       640     0.862      0.81     0.857    0.5994   0.01455  0.002246 0.0004078
   141/199     31.6G  0.009605  0.002322 0.0005611   0.01249        68       640    0.8435    0.8269    0.8583    0.6008   0.01457  0.002244 0.0004117
   142/199     31.6G  0.009645   0.00235 0.0005904   0.01258        83       640    0.8418    0.8274    0.8569    0.5999   0.01462  0.002236 0.0004163
   143/199     31.6G  0.009542  0.002277 0.0005771    0.0124        77       640    0.8407    0.8295    0.8578    0.5973   0.01464  0.002242  0.000415
   144/199     31.6G  0.009624  0.002315  0.000592   0.01253        86       640    0.8551    0.8228    0.8605    0.5989    0.0146  0.002237 0.0003998
   145/199     31.6G  0.009441   0.00227 0.0005892    0.0123        59       640    0.8582    0.8205    0.8591    0.6004   0.01449  0.002233 0.0003997
   146/199     31.6G  0.009419  0.002271 0.0005735   0.01226        76       640    0.8462    0.8318    0.8605    0.6005    0.0145  0.002239 0.0003936
   147/199     31.6G  0.009403  0.002257 0.0005414    0.0122        52       640     0.862    0.8181    0.8587    0.5974   0.01449  0.002241 0.0003883
   148/199     31.6G  0.009296  0.002185 0.0005077   0.01199        80       640    0.8462      0.83    0.8582    0.5966   0.01448   0.00223 0.0003884
   149/199     31.6G  0.009413  0.002294 0.0005881    0.0123        58       640    0.8564    0.8181    0.8589    0.5978   0.01448  0.002236 0.0003911
   150/199     31.6G  0.009348  0.002243 0.0005319   0.01212       100       640    0.8512    0.8265    0.8599    0.5994   0.01446  0.002241 0.0003972
   151/199     31.6G  0.009517  0.002272 0.0005323   0.01232        79       640    0.8549    0.8256    0.8576    0.5967   0.01451  0.002251 0.0003942
   152/199     31.6G   0.00953  0.002298 0.0006199   0.01245        82       640    0.8625    0.8215    0.8585    0.5972    0.0145  0.002247 0.0003905
   153/199     31.6G  0.009353  0.002267 0.0005531   0.01217        70       640    0.8582    0.8224    0.8604    0.5973   0.01448  0.002238 0.0003885
   154/199     31.6G  0.009255  0.002245 0.0005624   0.01206        67       640    0.8578    0.8214    0.8596    0.5989   0.01445  0.002242  0.000383
   155/199     31.6G  0.009163  0.002196 0.0004944   0.01185        74       640    0.8646    0.8215    0.8631    0.6011   0.01445  0.002238  0.000373
   156/199     31.6G  0.009238  0.002279 0.0005518   0.01207        74       640    0.8639    0.8182    0.8619    0.6001   0.01448   0.00225 0.0003639
   157/199     31.6G  0.009261  0.002261 0.0005363   0.01206        90       640    0.8694    0.8173    0.8618    0.5994    0.0145  0.002251   0.00036
   158/199     31.6G  0.009307  0.002245  0.000541   0.01209        89       640    0.8642    0.8187    0.8611    0.5989   0.01451  0.002259 0.0003598
   159/199     31.6G  0.009262  0.002237 0.0005389   0.01204        61       640    0.8625     0.822    0.8619    0.5983   0.01452  0.002267 0.0003581
   160/199     31.6G  0.009155  0.002224 0.0005488   0.01193        67       640    0.8621    0.8207    0.8611    0.5998   0.01452  0.002273 0.0003571
   161/199     31.6G  0.009183  0.002188 0.0005278    0.0119        96       640     0.863    0.8204    0.8625    0.6009   0.01448  0.002267 0.0003584
   162/199     31.6G   0.00916  0.002191  0.000516   0.01187        76       640    0.8669    0.8145    0.8615    0.6012   0.01448  0.002265 0.0003601
   163/199     31.6G  0.009166  0.002222 0.0005494   0.01194        53       640    0.8569    0.8214     0.862    0.6022   0.01449  0.002265 0.0003629
   164/199     31.6G  0.009127  0.002182  0.000533   0.01184        64       640    0.8839    0.8005    0.8617    0.6006   0.01451  0.002269 0.0003662
   165/199     31.6G  0.009118  0.002247 0.0005733   0.01194        68       640     0.888    0.7953    0.8621    0.6005   0.01453  0.002273 0.0003669
   166/199     31.6G  0.009167  0.002206  0.000512   0.01188       109       640    0.8748    0.8018    0.8601    0.5996   0.01455  0.002284 0.0003704
   167/199     31.6G  0.009022  0.002253 0.0005006   0.01178        95       640    0.8686    0.8072    0.8598    0.5992   0.01454  0.002285   0.00037
   168/199     31.6G  0.009103  0.002217 0.0004877   0.01181        63       640    0.8733    0.8073      0.86    0.5994   0.01452  0.002283 0.0003709
   169/199     31.6G  0.009053  0.002155 0.0004929    0.0117        76       640    0.8546    0.8234    0.8599    0.5993   0.01454  0.002283 0.0003687
   170/199     31.6G  0.009165  0.002216 0.0005188    0.0119        75       640    0.8549    0.8245    0.8606    0.5997   0.01452  0.002275 0.0003659
   171/199     31.6G  0.008997  0.002183 0.0004674   0.01165        73       640    0.8529    0.8229    0.8613    0.6004   0.01452   0.00227 0.0003597
   172/199     31.6G  0.008917   0.00214 0.0005114   0.01157       105       640    0.8508    0.8231    0.8623    0.5992   0.01451   0.00227 0.0003567
   173/199     31.6G  0.009057  0.002244 0.0005051   0.01181        51       640      0.85    0.8242    0.8619    0.5995   0.01452  0.002276 0.0003572
   174/199     31.6G  0.009091   0.00225 0.0004627    0.0118        72       640    0.8487    0.8276    0.8619    0.5994   0.01453   0.00228 0.0003554
   175/199     31.6G  0.009068  0.002198 0.0004936   0.01176        97       640    0.8539    0.8221    0.8615    0.5997   0.01454  0.002287 0.0003559
   176/199     31.6G  0.008907  0.002189 0.0005125   0.01161        83       640    0.8468     0.826    0.8613    0.6003   0.01454  0.002288 0.0003571
   177/199     31.6G  0.008965   0.00216 0.0005046   0.01163        66       640    0.8491    0.8286    0.8622    0.6006   0.01454   0.00229  0.000359
   178/199     31.6G  0.008831  0.002149 0.0004886   0.01147        83       640    0.8497    0.8275    0.8626    0.6012   0.01454   0.00229 0.0003572
   179/199     31.6G   0.00884  0.002161 0.0005325   0.01153        77       640    0.8503    0.8258    0.8611     0.601   0.01454  0.002297 0.0003569
   180/199     31.6G  0.008957  0.002174 0.0005244   0.01166        92       640    0.8504    0.8279    0.8622    0.6009   0.01456  0.002299  0.000357
   181/199     31.6G  0.008937  0.002229 0.0005202   0.01169        82       640    0.8442    0.8324    0.8623    0.6015   0.01456  0.002297 0.0003552
   182/199     31.6G  0.008912   0.00216 0.0005082   0.01158        85       640    0.8448    0.8296    0.8614    0.5999   0.01459  0.002301 0.0003537
   183/199     31.6G   0.00894  0.002148 0.0005257   0.01161        69       640    0.8447     0.828    0.8594    0.5988    0.0146  0.002308 0.0003551
   184/199     31.6G  0.008828  0.002142 0.0005006   0.01147        57       640    0.8481    0.8264    0.8591     0.597   0.01462  0.002314 0.0003559
   185/199     31.6G  0.008943  0.002148 0.0005105    0.0116        78       640    0.8431    0.8271    0.8589     0.597   0.01463  0.002313  0.000354
   186/199     31.6G  0.008864  0.002186  0.000487   0.01154        80       640    0.8689    0.8024     0.859    0.5974   0.01462  0.002314 0.0003533
   187/199     31.6G  0.008891  0.002208 0.0004886   0.01159        86       640    0.8696    0.8018    0.8593    0.5982   0.01461  0.002311 0.0003518
   188/199     31.6G   0.00885  0.002184 0.0004805   0.01152        39       640      0.87    0.8019    0.8593    0.5988   0.01461  0.002309 0.0003513
   189/199     31.6G  0.008802  0.002165 0.0004951   0.01146        55       640    0.8701    0.8041    0.8592    0.5981   0.01461  0.002309 0.0003502
   190/199     31.6G   0.00889  0.002147 0.0005079   0.01154        72       640    0.8608    0.8117    0.8591    0.5978   0.01461  0.002312 0.0003504
