     0/199     31.2G   0.06015  0.008854   0.01756   0.08657        31       640 0.0003522   0.01675 2.383e-05 5.173e-06   0.05828  0.006998   0.01758
     1/199     31.5G   0.05129  0.008977    0.0172   0.07746        50       640  0.002115   0.02951  0.000305  6.09e-05   0.05157  0.006611   0.01705
     2/199     31.5G   0.04266  0.009132   0.01655   0.06834        33       640   0.06724   0.09158   0.02049    0.0101   0.04202  0.006543   0.01637
     3/199     31.5G   0.03414  0.009029   0.01593   0.05909        47       640    0.1385    0.1623   0.08586   0.04979   0.03247  0.006326    0.0157
     4/199     31.5G   0.02885  0.008281   0.01536   0.05249        45       640    0.3099     0.142    0.1526   0.08242   0.02832  0.005813   0.01496
     5/199     31.5G   0.02553  0.007734   0.01438   0.04764        38       640    0.3213    0.2307    0.2356    0.1045   0.02815  0.005258   0.01352
     6/199     31.5G   0.02453  0.006953   0.01281   0.04429        37       640    0.3934    0.3254    0.3412    0.1951   0.02543  0.004901   0.01121
     7/199     31.5G   0.02446  0.006615   0.01042   0.04149        31       640    0.4821    0.4266    0.4371    0.2575   0.02437  0.004492   0.00847
     8/199     31.5G   0.02389  0.006045  0.008218   0.03815        40       640    0.4974    0.5135    0.5032     0.265   0.02479  0.004058  0.006294
     9/199     31.5G   0.02379  0.005603  0.006507    0.0359        48       640    0.5242    0.4825     0.505    0.1875   0.02877   0.00363  0.005121
    10/199     31.5G     0.026  0.005495  0.006116   0.03761        35       640     0.656    0.5047    0.5604    0.2899   0.02392  0.003741  0.004971
    11/199     31.5G    0.0246  0.005078  0.005257   0.03494        33       640    0.5797    0.5732    0.5643    0.3099   0.02285  0.003606   0.00446
    12/199     31.5G   0.02289  0.004774  0.004488   0.03215        33       640    0.6106    0.5828    0.5684    0.2892   0.02274  0.003375  0.003683
    13/199     31.5G   0.02175  0.004681  0.004067    0.0305        27       640    0.5911     0.647    0.6094    0.3319   0.02182  0.003218  0.003299
    14/199     31.5G    0.0209  0.004462  0.003696   0.02906        37       640    0.6228    0.6729    0.6297    0.3301   0.02277  0.003085   0.00309
    15/199     31.5G    0.0201   0.00429  0.003413    0.0278        35       640    0.6153    0.5879    0.5857    0.2952   0.02292   0.00303   0.00311
    16/199     31.5G   0.01953  0.004138  0.003064   0.02673        45       640    0.6134    0.7087    0.6482    0.3597   0.02163  0.002909  0.002294
    17/199     31.5G   0.01912  0.004119  0.002983   0.02622        49       640    0.6347    0.6801    0.6287    0.3494   0.02117  0.002859  0.002404
    18/199     31.5G   0.01878  0.004133  0.002861   0.02578        50       640    0.6505      0.66    0.6456    0.3719   0.02091   0.00279   0.00216
    19/199     31.5G   0.01833  0.003928  0.002624   0.02488        27       640    0.6315    0.6825    0.6418     0.342   0.02113   0.00278  0.002206
    20/199     31.5G   0.01802  0.003918  0.002615   0.02455        40       640    0.5657     0.663    0.5883    0.3079   0.02217  0.002912  0.002213
    21/199     31.5G   0.01788  0.003906  0.002532   0.02431        48       640    0.6234    0.6808    0.6361    0.3637   0.02074  0.002805  0.002253
    22/199     31.5G   0.01741  0.003832  0.002427   0.02367        50       640    0.5954    0.6817    0.6116    0.3473   0.02081  0.002776  0.002151
    23/199     31.5G   0.01695  0.003792  0.002241   0.02299        54       640    0.5963    0.6757    0.6046    0.3516   0.02083  0.002802  0.002008
    24/199     31.5G   0.01716  0.003762  0.002274    0.0232        68       640    0.6316    0.6833    0.6318    0.3692   0.02087  0.002717  0.002166
    25/199     31.5G   0.01685  0.003736  0.002317    0.0229        39       640    0.5948    0.7117    0.6279    0.3488   0.02119  0.002726  0.001933
    26/199     31.5G   0.01659  0.003591  0.002096   0.02227        37       640    0.5877    0.6668    0.6135    0.3483   0.02154   0.00273  0.001869
    27/199     31.5G   0.01638  0.003671  0.002162   0.02222        33       640    0.6232    0.6665    0.6291    0.3654    0.0212  0.002705  0.001915
    28/199     31.5G   0.01611  0.003597  0.002002   0.02171        41       640    0.6221    0.6633     0.624    0.3603   0.02084  0.002739  0.001973
    29/199     31.5G   0.01631  0.003632  0.001988   0.02193        63       640    0.6479    0.6685    0.6395    0.3646   0.02113  0.002704  0.001739
    30/199     31.5G   0.01592  0.003489  0.001909   0.02132        42       640    0.5728    0.6706    0.6087    0.3505   0.02105  0.002763  0.001838
    31/199     31.5G   0.01587  0.003468  0.001918   0.02125        52       640    0.6291    0.7076     0.646    0.3682   0.02097  0.002643  0.001588
    32/199     31.5G   0.01557  0.003481  0.001762   0.02082        38       640    0.6258    0.6859    0.6348    0.3695   0.02074  0.002696  0.001652
    33/199     31.5G   0.01528  0.003408  0.001753   0.02044        36       640    0.5889    0.6993    0.6193    0.3676   0.01984   0.00272  0.001665
    34/199     31.5G   0.01564  0.003447  0.001857   0.02095        29       640    0.6392    0.7185    0.6606    0.3889   0.01996  0.002652  0.001664
    35/199     31.5G   0.01507  0.003316  0.001794   0.02018        40       640     0.578    0.7221    0.6158    0.3629   0.02004  0.002816  0.001867
    36/199     31.5G   0.01508  0.003354  0.001642   0.02008        33       640     0.638    0.7038    0.6518    0.3775    0.0201  0.002672  0.001697
    37/199     31.5G   0.01508  0.003366   0.00168   0.02012        51       640    0.6097    0.7027    0.6516    0.3796   0.01944  0.002637  0.001503
    38/199     31.5G   0.01479  0.003249  0.001622   0.01966        25       640    0.6093    0.7313    0.6603    0.3874   0.01986  0.002704  0.001546
    39/199     31.5G   0.01469  0.003343  0.001609   0.01964        52       640    0.6258    0.6945    0.6516    0.3934   0.01962    0.0027  0.001555
    40/199     31.5G   0.01485  0.003286  0.001676   0.01981        39       640    0.6529    0.6629    0.6485    0.3744   0.02015   0.00273  0.001642
    41/199     31.5G   0.01459  0.003249  0.001578   0.01941        50       640    0.6387    0.6874    0.6572      0.39   0.02008   0.00273  0.001429
    42/199     31.5G   0.01421  0.003252  0.001461   0.01892        37       640    0.6814    0.6625    0.6668    0.3876   0.02009  0.002716  0.001313
    43/199     31.5G   0.01445  0.003318  0.001559   0.01933        41       640    0.5826    0.6711     0.613    0.3595   0.02047  0.002863  0.001619
    44/199     31.5G   0.01418  0.003184  0.001437    0.0188        49       640    0.6516    0.6593    0.6451    0.3656   0.02042  0.002826  0.001489
    45/199     31.5G   0.01425  0.003184  0.001538   0.01897        51       640    0.6482    0.6755     0.648    0.3846   0.01994  0.002709  0.001513
    46/199     31.5G   0.01426  0.003136  0.001414   0.01881        46       640    0.6536    0.6669    0.6383     0.365   0.02036  0.002811  0.001539
    47/199     31.5G    0.0136  0.003136  0.001347   0.01809        41       640    0.6369    0.6348    0.6012    0.3445   0.02095  0.002889   0.00163
    48/199     31.5G   0.01358  0.003135  0.001386    0.0181        40       640    0.5882    0.6888    0.6106    0.3444   0.02114  0.002811  0.001373
    49/199     31.5G   0.01379  0.003099   0.00136   0.01825        36       640    0.6503    0.6695      0.64    0.3727   0.02025  0.002807  0.001527
    50/199     31.5G   0.01408  0.003105  0.001478   0.01866        44       640    0.6266     0.696    0.6348    0.3601   0.02058  0.002725  0.001469
    51/199     31.5G   0.01369  0.003122  0.001382    0.0182        31       640    0.6495    0.6709     0.643    0.3797   0.02004  0.002819  0.001785
    52/199     31.5G   0.01358  0.003077  0.001436   0.01809        49       640    0.6554     0.646    0.6199    0.3579   0.02097  0.002926  0.001452
    53/199     31.5G   0.01371  0.003087  0.001389   0.01818        38       640    0.6154    0.6804    0.6335    0.3722   0.01989    0.0028   0.00149
    54/199     31.5G    0.0135   0.00316  0.001416   0.01807        44       640     0.606    0.7091    0.6402    0.3727   0.02025  0.002775  0.001421
    55/199     31.5G    0.0134  0.003036  0.001245   0.01768        40       640    0.6269     0.636    0.6142    0.3536   0.02091  0.002894  0.001509
    56/199     31.5G   0.01362  0.003077  0.001367   0.01807        43       640     0.621    0.7151     0.647    0.3754   0.02022  0.002723  0.001379
    57/199     31.5G   0.01326  0.003043  0.001369   0.01767        34       640    0.6533    0.6558    0.6463    0.3737    0.0201  0.002851  0.001504
    58/199     31.5G   0.01339  0.003005  0.001376   0.01777        38       640    0.6437    0.6717    0.6417    0.3738   0.02044  0.002808   0.00136
    59/199     31.5G   0.01316  0.003001  0.001311   0.01747        44       640    0.6693    0.6381    0.6395    0.3725   0.02016  0.002793  0.001354
    60/199     31.5G   0.01285  0.002918  0.001232     0.017        42       640    0.6458    0.6391    0.6219    0.3587   0.02061  0.002897  0.001538
    61/199     31.5G   0.01313  0.003013  0.001234   0.01737        30       640    0.6649    0.6507    0.6337    0.3655   0.02055  0.002814  0.001323
    62/199     31.5G   0.01299  0.002959  0.001169   0.01712        45       640    0.6401    0.6817     0.641    0.3742    0.0203  0.002828  0.001215
    63/199     31.5G   0.01295  0.002964  0.001263   0.01717        32       640    0.6937     0.616    0.6264    0.3578   0.02058  0.002869  0.001441
    64/199     31.5G   0.01286  0.002953  0.001287    0.0171        35       640    0.7003    0.6293    0.6394    0.3768   0.02034  0.002808  0.001303
    65/199     31.5G   0.01272  0.002951  0.001178   0.01685        35       640    0.6661    0.6389    0.6329    0.3644   0.02031  0.002954   0.00132
    66/199     31.5G   0.01264  0.002887  0.001158   0.01669        32       640    0.6614    0.6367    0.6311    0.3677   0.02013  0.002899   0.00146
    67/199     31.5G   0.01273  0.002882  0.001142   0.01675        56       640    0.6328    0.6288    0.6175    0.3557   0.02064  0.002986  0.001541
    68/199     31.5G   0.01268  0.002886  0.001207   0.01677        49       640    0.6751    0.6313    0.6302    0.3627   0.02071  0.002917  0.001375
    69/199     31.5G   0.01242  0.002827  0.001126   0.01637        35       640    0.6538    0.6305    0.6169    0.3574   0.02085  0.002894  0.001406
    70/199     31.5G   0.01222  0.002859  0.001072   0.01615        39       640     0.689    0.6309    0.6406    0.3752   0.02043  0.002878  0.001357
    71/199     31.5G   0.01255  0.002836  0.001179   0.01657        35       640    0.6503    0.6424    0.6184    0.3578   0.02088  0.002938  0.001364
    72/199     31.5G   0.01249  0.002909   0.00118   0.01658        38       640    0.6676    0.6009    0.6176     0.354   0.02091  0.002922  0.001214
    73/199     31.5G     0.012  0.002836  0.001055    0.0159        38       640    0.6462    0.6524    0.6418    0.3771   0.02038  0.002929  0.001375
    74/199     31.5G   0.01194  0.002879  0.001052   0.01587        39       640    0.6448    0.6403    0.6287    0.3636   0.02047  0.002904  0.001252
    75/199     31.5G   0.01198   0.00277  0.001057   0.01581        33       640    0.6914    0.6172     0.638    0.3674   0.02052  0.003002  0.001428
    76/199     31.5G   0.01232  0.002877  0.001153   0.01635        41       640     0.668    0.6533    0.6405     0.373   0.02024  0.002987  0.001664
    77/199     31.5G   0.01233  0.002797  0.001086   0.01621        42       640    0.6745    0.6584    0.6471    0.3724   0.02033  0.002838   0.00134
    78/199     31.5G   0.01212  0.002777  0.001058   0.01595        45       640     0.624    0.6828    0.6236    0.3609   0.02049  0.002983  0.001372
    79/199     31.5G   0.01192  0.002748  0.001069   0.01574        36       640    0.6636    0.6596    0.6342     0.367   0.02002  0.002964  0.001349
    80/199     31.5G   0.01182  0.002726 0.0009613    0.0155        52       640    0.6597    0.6202    0.6148    0.3578   0.02037  0.003032  0.001395
    81/199     31.5G   0.01192  0.002787  0.001175   0.01588        40       640    0.6482    0.6617    0.6216    0.3556   0.02036  0.003054  0.001475
    82/199     31.5G   0.01182   0.00277  0.001052   0.01564        42       640     0.635    0.6743    0.6335    0.3674   0.02043  0.002937  0.001266
    83/199     31.5G   0.01182  0.002818  0.001118   0.01575        41       640    0.6446    0.6921    0.6548    0.3788    0.0199  0.002939  0.001327
    84/199     31.5G    0.0118  0.002763 0.0009953   0.01556        46       640    0.6365    0.6856    0.6405    0.3724   0.02011  0.002968  0.001357
    85/199     31.5G   0.01161  0.002695  0.001007   0.01531        38       640     0.635    0.6782    0.6258    0.3585   0.02031  0.003035  0.001165
    86/199     31.5G   0.01176  0.002656  0.001009   0.01543        42       640    0.6044    0.6948    0.6184    0.3595   0.02046  0.003043  0.001338
    87/199     31.5G   0.01144   0.00271 0.0009706   0.01512        38       640    0.6252    0.6547    0.6228    0.3584   0.02058  0.003061  0.001544
    88/199     31.5G   0.01165  0.002753 0.0009397   0.01534        28       640    0.6354    0.6763    0.6325    0.3602   0.02052  0.003042  0.001495
    89/199     31.5G   0.01151  0.002669  0.000957   0.01513        46       640    0.6803    0.6537    0.6403    0.3684   0.02027   0.00296  0.001259
    90/199     31.5G   0.01142  0.002696 0.0009795   0.01509        24       640    0.6948    0.6508    0.6445    0.3732   0.02044  0.002987  0.001131
    91/199     31.5G   0.01131  0.002733 0.0009099   0.01495        25       640    0.6553    0.6796    0.6472    0.3704   0.02035  0.002941  0.001102
    92/199     31.5G   0.01124   0.00272 0.0009637   0.01492        45       640    0.6647    0.6845    0.6579    0.3833   0.02003  0.002908  0.001249
    93/199     31.5G   0.01126   0.00268 0.0009281   0.01486        33       640    0.6808    0.6716    0.6573    0.3802   0.01997   0.00297  0.001359
    94/199     31.5G   0.01106  0.002632  0.000939   0.01463        54       640    0.6685    0.6434    0.6341    0.3664   0.02053   0.00305  0.001354
    95/199     31.5G   0.01113   0.00262 0.0008439   0.01459        26       640    0.6884    0.6425    0.6454    0.3715   0.02042  0.003039  0.001169
    96/199     31.5G   0.01112  0.002712 0.0009428   0.01477        41       640    0.6585     0.647    0.6446    0.3767   0.02018  0.003026  0.001252
    97/199     31.5G   0.01109  0.002709 0.0009026    0.0147        29       640    0.6729    0.6454    0.6449    0.3743   0.02017   0.00304  0.001291
    98/199     31.5G   0.01099   0.00257 0.0009053   0.01446        30       640    0.6789    0.6504     0.649    0.3852   0.02007  0.003008  0.001046
    99/199     31.5G   0.01112  0.002661 0.0008638   0.01464        25       640    0.6757    0.6491    0.6427    0.3747   0.02039  0.003052  0.001036
   100/199     31.5G   0.01106  0.002639 0.0009066    0.0146        50       640    0.6599    0.6545    0.6367    0.3711   0.02029   0.00301  0.001053
   101/199     31.5G    0.0108  0.002581 0.0008531   0.01424        29       640    0.6835    0.6366    0.6399    0.3768   0.02036  0.003029  0.001026
   102/199     31.5G   0.01059  0.002583 0.0008369   0.01401        45       640    0.6929     0.641    0.6416     0.373   0.02037  0.003065  0.001036
   103/199     31.5G   0.01087  0.002574 0.0008807   0.01432        49       640    0.6892    0.6244    0.6322    0.3646   0.02038  0.003127  0.001074
   104/199     31.5G   0.01082  0.002604 0.0009007   0.01433        32       640    0.6669    0.6566    0.6395    0.3742   0.02029  0.003049  0.001005
   105/199     31.5G   0.01067  0.002517 0.0008186     0.014        54       640    0.6651    0.6354    0.6221    0.3577   0.02076   0.00311  0.001068
   106/199     31.5G   0.01084   0.00257 0.0008877    0.0143        41       640    0.6459    0.6621     0.633    0.3649   0.02032  0.003191   0.00114
   107/199     31.5G   0.01072  0.002525 0.0008464   0.01409        29       640    0.6877    0.6139    0.6297      0.37   0.02027  0.003154  0.001145
   108/199     31.5G   0.01054  0.002548 0.0008674   0.01395        38       640    0.6217    0.6454    0.6196    0.3611   0.02026  0.003175  0.001046
   109/199     31.5G   0.01055  0.002489 0.0008661    0.0139        43       640    0.6763    0.6329    0.6327    0.3716   0.02026  0.003151  0.001078
   110/199     31.5G   0.01043  0.002539 0.0007767   0.01375        39       640    0.6869    0.6323    0.6416    0.3714   0.02021  0.003132 0.0009796
   111/199     31.5G   0.01054  0.002576 0.0008008   0.01392        36       640    0.6473    0.6422     0.621    0.3595   0.02049  0.003204   0.00106
   112/199     31.5G   0.01034  0.002507 0.0008421   0.01369        32       640    0.6489    0.6564    0.6298    0.3688   0.02013  0.003187 0.0009715
   113/199     31.5G   0.01042  0.002575 0.0008619   0.01386        29       640    0.6464    0.6702    0.6387     0.372   0.02006  0.003154   0.00101
   114/199     31.5G   0.01053  0.002457 0.0008498   0.01383        43       640    0.6591    0.6669    0.6487    0.3792      0.02  0.003116  0.000959
   115/199     31.5G   0.01031  0.002466 0.0007273    0.0135        50       640    0.6658    0.6589      0.65    0.3801   0.02016  0.003115 0.0009648
   116/199     31.5G   0.01026  0.002469 0.0008228   0.01355        44       640    0.6601    0.6606    0.6405    0.3691   0.02036  0.003131 0.0009508
   117/199     31.5G   0.01012  0.002424 0.0007788   0.01332        34       640    0.6828    0.6144    0.6235    0.3592   0.02063  0.003196 0.0009881
   118/199     31.5G   0.01022  0.002482 0.0008208   0.01352        22       640    0.6306    0.6713    0.6291    0.3643    0.0205  0.003165  0.001007
   119/199     31.5G   0.01003  0.002481  0.000779   0.01329        48       640      0.64    0.6693    0.6384    0.3661   0.02035  0.003138 0.0009497
   120/199     31.5G   0.01025  0.002498 0.0007751   0.01352        63       640    0.6667    0.6291    0.6307    0.3624    0.0204  0.003173 0.0009093
   121/199     31.5G   0.01026  0.002384 0.0007583   0.01341        48       640    0.6454    0.6708    0.6467     0.375    0.0201  0.003102 0.0008746
   122/199     31.5G    0.0101   0.00244 0.0007625    0.0133        55       640    0.6726    0.6356    0.6451    0.3706   0.02026  0.003132 0.0008689
   123/199     31.5G   0.01014  0.002521 0.0007431    0.0134        46       640    0.6686    0.6283    0.6327    0.3649   0.02029  0.003172 0.0009339
   124/199     31.5G  0.009995    0.0025 0.0007794   0.01327        55       640    0.6644    0.6254    0.6244    0.3593   0.02033  0.003221  0.001019
   125/199     31.5G  0.009945  0.002462 0.0007203   0.01313        40       640    0.6437    0.6437    0.6308    0.3595   0.02066  0.003187 0.0009852
   126/199     31.5G  0.009772  0.002446 0.0007772   0.01299        29       640     0.626    0.6799     0.634    0.3621   0.02044  0.003177 0.0009374
   127/199     31.5G   0.01007  0.002479 0.0007526    0.0133        50       640    0.6361    0.6509    0.6264    0.3595   0.02048  0.003236 0.0009623
   128/199     31.5G   0.01002  0.002446 0.0007741   0.01324        48       640    0.6539    0.6496    0.6335    0.3664   0.02042  0.003237  0.001055
   129/199     31.5G   0.00985  0.002466 0.0007516   0.01307        40       640     0.674    0.6425    0.6403    0.3716   0.02023   0.00318  0.001015
   130/199     31.5G  0.009796  0.002401 0.0007758   0.01297        29       640     0.658    0.6386    0.6248     0.364    0.0204  0.003257  0.001127
   131/199     31.5G  0.009872  0.002463 0.0006646     0.013        41       640    0.6639    0.6336    0.6299    0.3662   0.02029   0.00324  0.001138
   132/199     31.5G  0.009925   0.00244 0.0007083   0.01307        37       640    0.6183    0.6744    0.6233    0.3617   0.02039  0.003215  0.001093
   133/199     31.5G  0.009597  0.002333 0.0006773   0.01261        40       640    0.6282    0.6673    0.6283    0.3651   0.02035   0.00323  0.001098
   134/199     31.5G   0.00964  0.002408 0.0006704   0.01272        29       640    0.6868    0.6221    0.6349    0.3707   0.02025   0.00325 0.0009991
   135/199     31.5G  0.009778  0.002329 0.0008092   0.01292        47       640    0.6531    0.6408    0.6285    0.3649   0.02035  0.003227 0.0008881
   136/199     31.5G  0.009578  0.002286 0.0006986   0.01256        44       640    0.6357    0.6667    0.6308    0.3635   0.02055  0.003243 0.0009569
   137/199     31.5G  0.009731  0.002363 0.0006865   0.01278        42       640    0.6611    0.6404    0.6223    0.3589    0.0205  0.003286 0.0009272
   138/199     31.5G   0.00969  0.002415 0.0006648   0.01277        43       640    0.6562    0.6263    0.6184    0.3602   0.02061  0.003298  0.001001
   139/199     31.5G   0.00957  0.002328 0.0007496   0.01265        46       640    0.6845    0.6173    0.6311    0.3689   0.02043  0.003274 0.0009976
   140/199     31.5G   0.00959  0.002359 0.0007095   0.01266        31       640    0.6501    0.6426    0.6313    0.3675   0.02033  0.003279 0.0009448
   141/199     31.5G  0.009434  0.002412 0.0006952   0.01254        53       640    0.6712    0.6313    0.6323    0.3651   0.02046   0.00329 0.0009662
   142/199     31.5G  0.009457  0.002371 0.0006522   0.01248        30       640    0.6766    0.6474    0.6376    0.3678   0.02034  0.003242 0.0009418
   143/199     31.5G  0.009454  0.002315 0.0006667   0.01244        28       640    0.6594    0.6645    0.6352    0.3694   0.02043  0.003251 0.0009708
   144/199     31.5G  0.009485  0.002423 0.0007148   0.01262        42       640    0.6683    0.6488    0.6358    0.3674   0.02034  0.003295  0.001067
   145/199     31.5G  0.009353  0.002291 0.0007085   0.01235        47       640     0.635    0.6854    0.6368    0.3711   0.02024  0.003274   0.00111
   146/199     31.5G  0.009472  0.002316 0.0006743   0.01246        50       640    0.6557    0.6517    0.6334    0.3707   0.02035  0.003308  0.001138
   147/199     31.5G  0.009272   0.00232 0.0006616   0.01225        31       640    0.6594    0.6715    0.6357     0.372   0.02031  0.003295  0.001119
   148/199     31.5G  0.009437   0.00233 0.0007346    0.0125        50       640    0.6806    0.6446    0.6396    0.3772    0.0201   0.00329  0.001136
   149/199     31.5G  0.009296  0.002306 0.0006533   0.01225        39       640    0.6327    0.6843    0.6329    0.3724   0.02019  0.003328  0.001172
   150/199     31.5G  0.009194  0.002299 0.0006396   0.01213        35       640    0.6501    0.6708    0.6377    0.3738   0.02024  0.003317  0.001196
   151/199     31.5G  0.009364  0.002379 0.0006628   0.01241        39       640    0.6514    0.6804    0.6417    0.3745    0.0203  0.003305   0.00113
   152/199     31.5G  0.009377  0.002284 0.0006504   0.01231        49       640    0.6448    0.6748    0.6335    0.3682   0.02049  0.003319  0.001045
   153/199     31.5G  0.009255  0.002331 0.0006811   0.01227        36       640    0.6353    0.6753    0.6382    0.3722   0.02041  0.003345  0.001054
   154/199     31.5G  0.009269  0.002321  0.000667   0.01226        39       640    0.6242    0.6798    0.6369     0.374   0.02034  0.003346 0.0009909
   155/199     31.5G  0.009143  0.002345 0.0006215   0.01211        44       640    0.6725    0.6308    0.6371    0.3724   0.02031  0.003337 0.0009918
   156/199     31.5G  0.009377  0.002351 0.0006544   0.01238        60       640    0.6279    0.6742    0.6366    0.3761   0.02024  0.003323  0.001043
   157/199     31.5G  0.009099  0.002289  0.000617     0.012        28       640    0.6477    0.6565    0.6346    0.3716   0.02032  0.003345  0.001026
   158/199     31.5G  0.009025  0.002302 0.0007036   0.01203        40       640    0.6498    0.6526    0.6364    0.3709   0.02035   0.00334  0.001001
   159/199     31.5G  0.009231  0.002248 0.0006917   0.01217        36       640    0.6279    0.6676    0.6352    0.3731   0.02038  0.003326 0.0009964
   160/199     31.5G  0.009154  0.002297 0.0006133   0.01206        35       640    0.6212    0.6881      0.64    0.3736   0.02037  0.003324 0.0009387
   161/199     31.5G  0.009067  0.002223 0.0006356   0.01193        33       640    0.6478    0.6645    0.6436    0.3761   0.02027  0.003316 0.0009326
   162/199     31.5G  0.009151  0.002343 0.0006282   0.01212        57       640    0.6441    0.6669    0.6422    0.3735   0.02024  0.003308 0.0009496
   163/199     31.5G  0.009116  0.002289 0.0006282   0.01203        42       640    0.6476    0.6584    0.6447    0.3753   0.02024  0.003294 0.0009794
   164/199     31.5G   0.00895  0.002248  0.000649   0.01185        48       640    0.6325     0.681    0.6416    0.3733    0.0203  0.003313  0.001002
   165/199     31.5G  0.009013  0.002265 0.0005707   0.01185        33       640    0.6683    0.6468    0.6413    0.3758   0.02029   0.00331  0.001005
   166/199     31.5G  0.009004   0.00225 0.0005819   0.01184        32       640    0.6434    0.6755    0.6366    0.3709   0.02031  0.003301  0.001077
   167/199     31.5G  0.008875  0.002271 0.0006004   0.01175        34       640    0.6361    0.6798    0.6374    0.3738   0.02019  0.003315  0.001076
   168/199     31.5G  0.008999  0.002256 0.0006211   0.01188        49       640    0.6511    0.6642    0.6353    0.3711   0.02034  0.003326  0.001102
   169/199     31.5G  0.009024  0.002247 0.0005874   0.01186        62       640    0.6474    0.6714    0.6371    0.3729   0.02036   0.00333  0.001058
   170/199     31.5G  0.008956   0.00229 0.0006804   0.01193        45       640    0.6486    0.6671    0.6335    0.3701   0.02043  0.003329  0.001007
   171/199     31.5G  0.008889  0.002214 0.0005721   0.01168        42       640    0.6445    0.6824    0.6378    0.3759   0.02023  0.003326  0.001038
   172/199     31.5G  0.009079  0.002196 0.0006093   0.01188        31       640     0.648    0.6754    0.6398    0.3768   0.02024  0.003342  0.001093
   173/199     31.5G  0.008793  0.002199 0.0005594   0.01155        28       640    0.6444    0.6717    0.6337    0.3719   0.02035   0.00336  0.001128
   174/199     31.5G  0.009046  0.002278 0.0005911   0.01191        46       640    0.6479     0.671    0.6319    0.3704   0.02043  0.003391  0.001136
   175/199     31.5G  0.008735  0.002192 0.0006338   0.01156        34       640    0.6492    0.6674    0.6328    0.3726   0.02034  0.003409  0.001124
   176/199     31.5G   0.00881  0.002243  0.000599   0.01165        39       640    0.6353    0.6762     0.631    0.3714   0.02034  0.003426  0.001108
   177/199     31.5G  0.008966  0.002263 0.0005622   0.01179        40       640    0.6465    0.6745    0.6352    0.3759   0.02027  0.003403  0.001118
   178/199     31.5G    0.0089  0.002236 0.0006252   0.01176        33       640    0.6465    0.6748    0.6383    0.3773   0.02027    0.0034  0.001143
   179/199     31.5G  0.008942  0.002254 0.0006481   0.01184        44       640    0.6479    0.6726    0.6332    0.3756    0.0203  0.003415  0.001128
   180/199     31.5G  0.008956  0.002251 0.0006164   0.01182        35       640    0.6359    0.6679     0.629    0.3725   0.02036  0.003439  0.001067
   181/199     31.5G  0.008695  0.002227 0.0005337   0.01146        48       640    0.6392    0.6667    0.6287    0.3706   0.02037  0.003449  0.001065
   182/199     31.5G  0.008784  0.002227 0.0005389   0.01155        35       640    0.6316    0.6736    0.6284    0.3703   0.02043  0.003444    0.0011
   183/199     31.5G  0.008734  0.002225 0.0005413    0.0115        27       640    0.6598    0.6509    0.6317     0.371   0.02041  0.003428  0.001041
   184/199     31.5G  0.008573  0.002178 0.0005164   0.01127        29       640    0.6565    0.6561    0.6323    0.3715   0.02043  0.003434  0.001042
   185/199     31.5G  0.008563  0.002117 0.0005036   0.01118        42       640    0.6586    0.6459    0.6305    0.3726   0.02043  0.003443  0.001032
   186/199     31.5G  0.008772  0.002131 0.0006158   0.01152        42       640    0.6781    0.6302    0.6326     0.374   0.02045  0.003432  0.001019
   187/199     31.5G  0.008918  0.002183  0.000568   0.01167        44       640    0.6688    0.6367    0.6319    0.3744   0.02039  0.003425 0.0009925
   188/199     31.5G  0.008906  0.002208 0.0006283   0.01174        38       640    0.6729    0.6302    0.6296    0.3719   0.02043   0.00344  0.001006
   189/199     31.5G   0.00881  0.002186 0.0005366   0.01153        38       640     0.675    0.6325    0.6305     0.372   0.02043  0.003445  0.001017
   190/199     31.5G  0.008818  0.002176 0.0006328   0.01163        51       640    0.6378    0.6645    0.6306    0.3724   0.02042  0.003447 0.0009877
   191/199     31.5G  0.008553  0.002175 0.0005191   0.01125        33       640    0.6465    0.6561    0.6331    0.3749    0.0204  0.003441  0.000962
   192/199     31.5G  0.008768  0.002157 0.0005243   0.01145        52       640     0.671    0.6412    0.6367    0.3756   0.02038  0.003433 0.0009482
   193/199     31.5G  0.008811  0.002204 0.0005997   0.01162        42       640    0.6653    0.6475    0.6361    0.3754   0.02037  0.003435 0.0009569
   194/199     31.5G  0.008529  0.002205 0.0005667    0.0113        38       640    0.6612    0.6497    0.6368    0.3742   0.02033  0.003435 0.0009666
   195/199     31.5G   0.00875  0.002154 0.0006122   0.01152        41       640     0.718    0.6042    0.6372    0.3752   0.02034  0.003426 0.0009673
   196/199     31.5G   0.00866  0.002213   0.00062   0.01149        33       640    0.6594    0.6447    0.6371    0.3746   0.02034  0.003431 0.0009623
   197/199     31.5G  0.008799  0.002141 0.0005437   0.01148        33       640    0.6698     0.637    0.6353    0.3747   0.02032  0.003442 0.0009748
   198/199     31.5G  0.008754   0.00222 0.0005701   0.01154        41       640    0.6698    0.6394    0.6375    0.3747   0.02032  0.003445 0.0009774
   199/199     31.5G  0.008513  0.002143   0.00054    0.0112        30       640    0.6346    0.6721    0.6369    0.3732   0.02034  0.003459  0.001002
